wd_id,line_id,linewd,word,lex_id,textlineid,syntag,syntag2,syllabified,pos,lemma,lemma_score
1,1,1,maitres,maitres,99,N,N,'C/V\.C/e\,NOUN,maître,9
2,1,2,",",",",99,Pnc,Pnc,,PUNCT,",",9
3,1,3,dites,dites,99,Vfin,Vfin,'C/V\.C/e\,VERB,dire,8
4,1,4,apertement,apertement,99,Adv,Adv,/V\.C/V\.C/e\.'C/V\,ADV,apertement,3
5,1,5,",",",",99,Pnc,Pnc,,PUNCT,",",9
6,2,1,pour,pour,100,Pre,Pre,C/V\,ADP,pour,9
7,2,2,quoi,quoi,100,Qux,Qux,C/V\,PRON,quoi,3
8,2,3,de,de,100,Pre,Pre,C/(e)\,ADP,de,8
9,2,4,si,si,100,Adv,Adv,C/V\,ADV,si,8
10,2,5,chier,chier,100,Adj,Adj,C/V\,ADJ,cher,8
11,2,6,oignement,oignement,100,N,N,/V\.C/e\.'C/V\,NOUN,oignement,9
12,3,1,avez,avez,101,Vfin,Vfin,/V\.'C/V\,VERB,avoir,8
13,3,2,souffert,souffert,101,Vpp,Vpp,C/V\.'C/V\,VERB,souffrir,9
14,3,3,tel,tel,101,Adj,Adj,C/V\,DET,tel,8
15,3,4,gastement,gastement,101,N,N,C/V\.C/e\.'C/V\,NOUN,gâtement,8
16,3,5,?,?,101,Pnc,Pnc,,PUNCT,?,9
17,4,1,s',s',102,Adv,Adv,C/\,PRON,se,3
18,4,2,est,est,102,Vfin,Vfin,/V\,VERB,être,3
19,4,3,honte,honte,102,N,N,'C/V\.C/(e)\,NOUN,honte,9
20,4,4,et,et,102,Crd,Crd,/V\,CCONJ,et,8
21,4,5,vilainnement,vilainnement,102,Adv,Adv,C/V\.C/V\.C/e\.'C/V\,ADV,vilainement,9
22,4,6,.,.,102,Pnc,Pnc,,PUNCT,.,9
23,5,1,bien,bien,103,Adv,Adv,C/V\,ADV,bien,8
24,5,2,valoit,valoit,103,Vfin,Vfin,C/V\.'C/V\,VERB,valoir,9
25,5,3,i,i,103,Prn,Prn%%,/V\,PRON,y,3
26,5,4,trois,trois,103,QIs,QIs,C/V\,NUM,trois,8
27,5,5,cenz,cenz,103,QIs,QIs,C/V\,NUM,cent,8
28,5,6,deniers,deniers,103,N,N,C/V\.C/<V>\.'/V\,NOUN,denier,9
29,6,1,et,et,104,Crd,Crd,/V\,CCONJ,et,8
30,6,2,plus,plus,104,Adv,Adv,C/V\,ADV,plus,8
31,6,3,encor,encor,104,Adv,Adv,/V\.'C/V\,ADV,encore,9
32,6,4,",",",",104,Pnc,Pnc,,PUNCT,",",9
33,6,5,que,que,104,Crd,Crd,C/(e)\,CCONJ,que,8
34,6,6,mout,mout,104,QIs,QIs,C/V\,ADV,moult,8
35,6,7,est,est,104,Vfin,Vfin,/V\,VERB,être,3
36,6,8,chiers,chiers,104,Adj,Adj,C/V\,ADJ,cher,8
37,6,9,",",",",104,Pnc,Pnc,,PUNCT,",",9
38,7,1,qui,qui,105,Qux,Qux,C/V\,PRON,qui,3
39,7,2,lealment,lealment,105,Adv,Adv,C/V\.C/V\.'C/V\,ADV,loyalement,9
40,7,3,l',l',105,Prn,Prn$$,C/\,PRON,il,3
41,7,4,eut,eut,105,Vfin,Vfin,/V\,VERB,avoir,3
42,7,5,vendu,vendu,105,Vpp,Vpp,C/V\.'C/V\,VERB,vendre,9
43,8,1,avant,avant,106,PrA,PrA,/V\.'C/V\,ADV,avant,8
44,8,2,c',c',106,Sub,Sub,C/\,SCONJ,que,8
45,8,3,om,om,106,Prn,Prn$,/V\,PRON,on,8
46,8,4,l',l',106,Prn,Prn$$,C/\,PRON,il,3
47,8,5,eut,eut,106,Vfin,Vfin,/V\,VERB,avoir,3
48,8,6,espandu,espandu,106,Vpp,Vpp,/V\.C/V\.'C/V\,VERB,épandre,9
49,8,7,.,.,106,Pnc,Pnc,,PUNCT,.,9
50,9,1,il,il,107,Prn,Prn$,/V\,PRON,il,9
51,9,2,en,en,107,Prn,Prn$$,/V\,PRON,en,3
52,9,3,afferoit,afferoit,107,Vfin,Vfin,/V\.C/e\.'C/V\,VERB,afférir,5
53,9,4,a,a,107,Pre,Pre,/V\,ADP,à,3
54,9,5,ma,ma,107,Det,Det,C/V\,DET,mon,8
55,9,6,rente,rente,107,N,N,'C/V\.C/(e)\,NOUN,rente,8
56,10,1,de,de,108,Pre,Pre,C/(e)\,ADP,de,8
57,10,2,trois,trois,108,QIs,QIs,C/V\,NUM,trois,8
58,10,3,cenz,cenz,108,QIs,QIs,C/V\,NUM,cent,8
59,10,4,deniers,deniers,108,N,N,C/V\.C/<V>\.'/V\,NOUN,denier,9
60,10,5,les,les,108,Det,Det,C/V\,DET,le,8
61,10,6,trente,trente,108,QIs,QIs,'C/V\.C/(e)\,NUM,trente,9
62,10,7,.,.,108,Pnc,Pnc,,PUNCT,.,9
63,11,1,se,se,109,Sub,Sub,C/(e)\,SCONJ,si,3
64,11,2,je,je,109,Prn,Prn$,C/(e)\,PRON,je,9
65,11,3,lëz,lëz,109,Prn,Prn$$,C/e\,PRON,le,0
66,11,4,part,part,109,Vfin,Vfin,C/V\,VERB,partir,3
67,11,5,",",",",109,Pnc,Pnc,,PUNCT,",",9
68,11,6,se,se,109,Prn,Prn,C/(e)\,SCONJ,si,3
69,11,7,poise,poise,109,Vfin,Vfin,'C/V\.C/(e)\,VERB,peser,8
70,11,8,moi,moi,109,Prn,Prn%%,C/V\,PRON,je,3
71,11,9,",",",",109,Pnc,Pnc,,PUNCT,",",9
72,12,1,je,je,110,Prn,Prn$,C/(e)\,PRON,je,9
73,12,2,les,les,110,Prn,Prn$$,C/V\,PRON,le,3
74,12,3,recouvra,recouvra,110,Vfin,Vfin,C/V\.C/V\.'C/V\,VERB,recouvrer,9
75,12,4,",",",",110,Pnc,Pnc,,PUNCT,",",9
76,12,5,par,par,110,Pre,Pre,C/V\,ADP,par,8
77,12,6,ma,ma,110,Det,Det,C/V\,DET,mon,8
78,12,7,foi,foi,110,N,N,C/V\,NOUN,foi,8
79,12,8,.,.,110,Pnc,Pnc,,PUNCT,.,9
80,13,1,judas,judas,111,N,N,C/V\.'C/V\,VERB,juger,0
81,13,2,",",",",111,Pnc,Pnc,,PUNCT,",",9
82,13,3,laissiez,laissiez,111,Vfin,Vfin,C/V\.'C/V\,VERB,laisser,3
83,13,4,ester,ester,111,Vinf,Vinf,/V\.'C/V\,VERB,ester,3
84,13,5,marie,marie,111,N,N,C/V\.'C/V\./(e)\,NOUN,marié,5
85,13,6,;,;,111,Pnc,Pnc,,PUNCT,;,9
86,14,1,ele,ele,112,Prn,Prn$,'/V\.C/(e)\,PRON,elle,3
87,14,2,a,a,112,Vfin,Vfin,/V\,VERB,avoir,3
88,14,3,tant,tant,112,QIs,QIs,C/V\,ADV,tant,8
89,14,4,fait,fait,112,Vpp,Vpp,C/V\,VERB,faire,3
90,14,5,qu',qu',112,Sub,Sub,C/\,SCONJ,que,8
91,14,6,ele,ele,112,Prn,Prn$,'/V\.C/(e)\,PRON,elle,3
92,14,7,est,est,112,Vfin,Vfin,/V\,VERB,être,3
93,14,8,m',m',112,Det,Det,C/\,DET,mon,8
94,14,9,amie,amie,112,N,N,/V\.'C/V\./(e)\,NOUN,ami,9
95,14,10,.,.,112,Pnc,Pnc,,PUNCT,.,9
96,15,1,povres,povres,113,Adj,Adj,'C/V\.C/e\,ADJ,pauvre,8
97,15,2,trouverez,trouverez,113,Vfin,Vfin,C/V\.C/V\.'C/V\,VERB,trouver,9
98,15,3,vous,vous,113,Prn,Prn%,C/V\,PRON,vous,8
99,15,4,assez,assez,113,Adv,Adv,/V\.'C/V\,ADV,assez,8
100,15,5,;,;,113,Pnc,Pnc,,PUNCT,;,9
101,16,1,bien,bien,114,Adv,Adv,C/V\,ADV,bien,8
102,16,2,leur,leur,114,Prn,Prn$$,C/V\,PRON,leur,3
103,16,3,ferez,ferez,114,Vfin,Vfin,C/V\.'C/V\,VERB,faire,3
104,16,4,",",",",114,Pnc,Pnc,,PUNCT,",",9
105,16,5,se,se,114,Sub,Sub,C/(e)\,SCONJ,si,3
106,16,6,vous,vous,114,Prn,Prn$,C/V\,PRON,vous,8
107,16,7,volez,volez,114,Vfin,Vfin,C/V\.'C/V\,VERB,vouloir,3
108,16,8,.,.,114,Pnc,Pnc,,PUNCT,.,9
109,17,1,loignement,loignement,115,Adv,Adv,C/V\.C/e\.'C/V\,NOUN,loignement,4
110,17,2,ne,ne,115,Neg,Neg$$,C/(e)\,ADV,ne,8
111,17,3,m',m',115,Prn,Prn$$,C/\,PRON,je,3
112,17,4,arez,arez,115,Vfin,Vfin,/V\.'C/V\,VERB,avoir,3
113,17,5,vous,vous,115,Prn,Prn%,C/V\,PRON,vous,8
114,17,6,mie,mie,115,Neg,Neg,'C/V\./(e)\,ADV,mie,8
115,17,7,.,.,115,Pnc,Pnc,,PUNCT,.,9
116,18,1,mout,mout,116,QIs,QIs,C/V\,ADV,moult,8
117,18,2,m',m',116,Prn,Prn$$,C/\,PRON,je,3
118,18,3,a,a,116,Vfin,Vfin,/V\,VERB,avoir,3
119,18,4,a,a,116,Pre,Pre,/V\,ADP,à,3
120,18,5,gré,gré,116,N,N,C/V\,NOUN,malgré,3
121,18,6,servi,servi,116,Vpp,Vpp,C/V\.'C/V\,VERB,servir,9
122,18,7,marie,marie,116,N,N,C/V\.'C/V\./(e)\,NOUN,marié,5
123,18,8,.,.,116,Pnc,Pnc,,PUNCT,.,9
124,19,1,je,je,117,Prn,Prn$,C/(e)\,PRON,je,9
125,19,2,li,li,117,Prn,Prn$$,C/V\,PRON,li,11
126,19,3,pardon,pardon,117,Vfin,Vfin,C/V\.'C/V\,VERB,perdre,5
127,19,4,touz,touz,117,QIs,QIs,C/V\,DET,tout,11
128,19,5,ses,ses,117,Det,Det,C/V\,DET,son,8
129,19,6,pechiez,pechiez,117,N,N,C/V\.'C/V\,NOUN,péché,8
130,19,7,",",",",117,Pnc,Pnc,,PUNCT,",",9
131,20,1,touz,touz,118,QIs,QIs,C/V\,DET,tout,11
132,20,2,les,les,118,Det,Det,C/V\,DET,le,8
133,20,3,noviax,noviax,118,Adj,Adj,C/V\.'C/V\,ADJ,nouveau,8
134,20,4,et,et,118,Crd,Crd,/V\,CCONJ,et,8
135,20,5,touz,touz,118,QIs,QIs,C/V\,DET,tout,11
136,20,6,les,les,118,Det,Det,C/V\,DET,le,8
137,20,7,viez,viez,118,Adj,Adj,C/V\,ADJ,viez,3
138,20,8,.,.,118,Pnc,Pnc,,PUNCT,.,9
139,21,1,en,en,119,Pre,Pre,/V\,ADP,en,3
140,21,2,mon,mon,119,Det,Det,C/V\,DET,mon,8
141,21,3,regne,regne,119,N,N,'C/V\.C/(e)\,NOUN,règne,3
142,21,4,touz,touz,119,QIs,QIs,C/V\,DET,tout,11
143,21,5,jourz,jourz,119,N,N,C/V\,NOUN,jour,9
144,21,6,sera,sera,119,Vfin,Vfin,C/V\.'C/V\,VERB,être,3
145,22,1,pour,pour,120,Pre,Pre,C/V\,ADP,pour,9
146,22,2,l',l',120,Det,Det,C/\,DET,le,8
147,22,3,amour,amour,120,N,N,/V\.'C/V\,NOUN,amour,8
148,22,4,de,de,120,Pre,Pre,C/(e)\,ADP,de,8
149,22,5,ce,ce,120,Prn,Prn,C/(e)\,PRON,ce,3
150,22,6,que,que,120,Qux,Qux,C/(e)\,PRON,que,8
151,22,7,fait,fait,120,Vpp,Vpp,C/V\,VERB,faire,3
152,22,8,a,a,120,Vfin,Vfin,/V\,VERB,avoir,3
153,22,9,.,.,120,Pnc,Pnc,,PUNCT,.,9
154,23,1,marie,marie,121,N,N,C/V\.'C/V\./(e)\,VERB,marier,8
155,23,2,",",",",121,Pnc,Pnc,,PUNCT,",",9
156,23,3,or,or,121,Adv,Adv,/V\,ADV,or,8
157,23,4,sus,sus,121,PrA,PrA,C/V\,ADV,sus,8
158,23,5,",",",",121,Pnc,Pnc,,PUNCT,",",9
159,23,6,et,et,121,Crd,Crd,/V\,CCONJ,et,8
160,23,7,quitte,quitte,121,Adj,Adj,'C/V\.C/(e)\,ADJ,quitte,8
161,23,8,soies,soies,121,Vfin,Vfin,'C/V\./e\,VERB,être,8
162,23,9,",",",",121,Pnc,Pnc,,PUNCT,",",9
163,24,1,et,et,122,Crd,Crd,/V\,CCONJ,et,8
164,24,2,garde,garde,122,N,N,'C/V\.C/(e)\,VERB,garder,8
165,24,3,que,que,122,Sub,Sub,C/(e)\,SCONJ,que,3
166,24,4,suignes,suignes,122,Vfin,Vfin,'C/V\.C/e\,VERB,soigner,0
167,24,5,mes,mes,122,Crd,Crd,C/V\,DET,mon,8
168,24,6,voies,voies,122,N,N,'C/V\./e\,NOUN,voie,8
169,24,7,!,!,122,Pnc,Pnc,,PUNCT,!,3
170,25,1,sire,sire,123,N,N,'C/V\.C/(e)\,NOUN,sire,11
171,25,2,",",",",123,Pnc,Pnc,,PUNCT,",",9
172,25,3,or,or,123,Adv,Adv,/V\,ADV,or,8
173,25,4,soit,soit,123,Vfin,Vfin,C/V\,VERB,être,3
174,25,5,a,a,123,Pre,Pre,/V\,ADP,à,3
175,25,6,vostre,vostre,123,Det,Det,'C/V\.C/(e)\,DET,votre,8
176,25,7,plaisir,plaisir,123,N,N,C/V\.'C/V\,VERB,plaire,8
177,25,8,",",",",123,Pnc,Pnc,,PUNCT,",",9
178,26,1,je,je,124,Prn,Prn$,C/(e)\,PRON,je,9
179,26,2,vous,vous,124,Prn,Prn$$,C/V\,PRON,vous,8
180,26,3,pri,pri,124,Vfin,Vfin,C/V\,VERB,prier,3
181,26,4,mout,mout,124,QIs,QIs,C/V\,ADV,moult,8
182,26,5,bien,bien,124,Adv,Adv,C/V\,ADV,bien,8
183,26,6,sanz,sanz,124,Pre,Pre,C/V\,ADP,sans,8
184,26,7,mentir,mentir,124,Vinf,Vinf,C/V\.'C/V\,VERB,mentir,9
185,26,8,.,.,124,Pnc,Pnc,,PUNCT,.,9
186,27,1,du,du,125,Pre+Det,Pre+Det,C/V\,ADP.DET,de.le,3
187,27,2,tout,tout,125,QIs,QIs,C/V\,PRON,tout,3
188,27,3,a,a,125,Pre,Pre,/V\,ADP,à,3
189,27,4,vous,vous,125,Prn,Prn,C/V\,PRON,vous,8
190,27,5,obeirai,obeirai,125,Vfin,Vfin,/V\.C/V\.C/V\.'C/V\,VERB,obéir,9
191,27,6,;,;,125,Pnc,Pnc,,PUNCT,;,9
192,28,1,jamais,jamais,126,Adv,Adv,C/V\.'C/V\,ADV,jamais,9
193,28,2,ne,ne,126,Neg,Neg$$,C/(e)\,ADV,ne,8
194,28,3,vous,vous,126,Prn,Prn$$,C/V\,PRON,vous,8
195,28,4,courrecerai,courrecerai,126,Vfin,Vfin,C/V\.C/e\.C/e\.'C/V\,VERB,courroucer,9
196,28,5,",",",",126,Pnc,Pnc,,PUNCT,",",9
197,29,1,ne,ne,127,Crd,Crd,C/(e)\,CCONJ,ne,8
198,29,2,jamais,jamais,127,Adv,Adv,C/V\.'C/V\,ADV,jamais,9
199,29,3,ne,ne,127,Neg,Neg$$,C/(e)\,ADV,ne,8
200,29,4,serai,serai,127,Vfin,Vfin,C/V\.'C/V\,VERB,être,3
201,29,5,entechié,entechié,127,Vpp,Vpp,/V\.C/V\.'C/V\,VERB,entacher,9
202,30,1,cuer,cuer,128,N,N,C/V\,NOUN,coeur,3
203,30,2,ne,ne,128,Crd,Crd,C/(e)\,CCONJ,ne,8
204,30,3,cors,cors,128,N,N,C/V\,NOUN,corps,3
205,30,4,de,de,128,Pre,Pre,C/(e)\,ADP,de,8
206,30,5,mortel,mortel,128,Adj,Adj,C/V\.'C/V\,ADJ,mortel,8
207,30,6,pechié,pechié,128,N,N,C/V\.'C/V\,NOUN,péché,8
208,31,1,or,or,129,Adv,Adv,/V\,ADV,or,8
209,31,2,sachiez,sachiez,129,Vfin,Vfin,C/V\.'C/V\,VERB,savoir,3
210,31,3,bien,bien,129,Adv,Adv,C/V\,ADV,bien,8
211,31,4,vraiement,vraiement,129,Adv,Adv,C/V\.C/(V)\.'/V\,ADV,vraiment,9
212,32,1,qu',qu',130,Sub,Sub,C/\,SCONJ,que,8
213,32,2,en,en,130,Pre,Pre,/V\,ADP,en,3
214,32,3,ce,ce,130,Prn,Prn,C/(e)\,PRON,ce,3
215,32,4,je,je,130,Prn,Prn$,C/(e)\,PRON,je,9
216,32,5,ne,ne,130,Neg,Neg$$,C/(e)\,ADV,ne,8
217,32,6,perdrai,perdrai,130,Vfin,Vfin,C/V\.'C/V\,VERB,perdre,9
218,32,7,noient,noient,130,Prn,Prn,C/V\.'C/V\,PRON,néant,8
219,32,8,.,.,130,Pnc,Pnc,,PUNCT,.,9
220,33,1,ceste,ceste,131,Dem,Dem,'C/V\.C/(e)\,DET,cist,3
221,33,2,perte,perte,131,N,N,'C/V\.C/(e)\,NOUN,perte,9
222,33,3,voudrai,voudrai,131,Vfin,Vfin,C/V\.'C/V\,VERB,vouloir,9
223,33,4,ravoir,ravoir,131,Vinf,Vinf,C/V\.'C/V\,VERB,ravoir,8
224,33,5,",",",",131,Pnc,Pnc,,PUNCT,",",9
225,34,1,quel,quel,132,Qux,Qux,C/V\,DET,quel,8
226,34,2,que,que,132,Sub,Sub,C/(e)\,PRON,que,8
227,34,3,mal,mal,132,N,N,C/V\,NOUN,mal,8
228,34,4,que,que,132,Qux,Qux,C/(e)\,PRON,que,8
229,34,5,je,je,132,Prn,Prn$,C/(e)\,PRON,je,9
230,34,6,doie,doie,132,Vfin,Vfin,'C/V\./(e)\,VERB,devoir,8
231,34,7,ravoir,ravoir,132,Vinf,Vinf,C/V\.'C/V\,VERB,ravoir,8
232,34,8,.,.,132,Pnc,Pnc,,PUNCT,.,9
233,35,1,tenez,tenez,133,Vfin,Vfin,C/V\.'C/V\,VERB,tenir,9
234,35,2,",",",",133,Pnc,Pnc,,PUNCT,",",9
235,35,3,seigneurs,seigneurs,133,N,N,C/V\.'C/V\,NOUN,seigneur,9
236,35,4,",",",",133,Pnc,Pnc,,PUNCT,",",9
237,35,5,mengiez,mengiez,133,Vfin,Vfin,C/V\.'C/V\,VERB,manger,9
238,35,6,",",",",133,Pnc,Pnc,,PUNCT,",",9
239,35,7,buvez,buvez,133,Vfin,Vfin,C/V\.'C/V\,VERB,boire,6
240,35,8,!,!,133,Pnc,Pnc,,PUNCT,!,3
241,36,1,c',c',134,Prn,Prn,C/\,PRON,ce,3
242,36,2,est,est,134,Vfin,Vfin,/V\,VERB,être,3
243,36,3,li,li,134,Det,Det,C/V\,DET,le,3
244,36,4,miens,miens,134,Adj,Adj,C/V\,ADJ,mien,8
245,36,5,cors,cors,134,N,N,C/V\,NOUN,corps,3
246,36,6,que,que,134,Qux,Qux,C/(e)\,PRON,que,8
247,36,7,ci,ci,134,Adv,Adv,C/V\,ADV,ci,8
248,36,8,veez,veez,134,Vfin,Vfin,C/(V)\.'/V\,VERB,voir,3
249,36,9,.,.,134,Pnc,Pnc,,PUNCT,.,9
250,37,1,si,si,135,Adv,Adv,C/V\,ADV,si,8
251,37,2,le,le,135,Prn,Prn$$,C/(e)\,PRON,le,3
252,37,3,recevrez,recevrez,135,Vfin,Vfin,C/V\.C/e\.'C/V\,VERB,recevoir,9
253,37,4,dignement,dignement,135,Adv,Adv,C/V\.C/e\.'C/V\,ADV,dignement,9
254,37,5,",",",",135,Pnc,Pnc,,PUNCT,",",9
255,38,1,se,se,136,Prn,Prn,C/(e)\,ADV,si,8
256,38,2,sera,sera,136,Vfin,Vfin,C/V\.'C/V\,VERB,être,3
257,38,3,vostre,vostre,136,Det,Det,'C/V\.C/(e)\,DET,votre,8
258,38,4,sauvement,sauvement,136,N,N,C/V\.C/e\.'C/V\,NOUN,sauvement,8
259,38,5,.,.,136,Pnc,Pnc,,PUNCT,.,9
260,39,1,c',c',137,Prn,Prn,C/\,PRON,ce,3
261,39,2,est,est,137,Vfin,Vfin,/V\,VERB,être,3
262,39,3,li,li,137,Det,Det,C/V\,DET,le,3
263,39,4,mien,mien,137,Adj,Adj,C/V\,ADJ,mien,8
264,39,5,cors,cors,137,N,N,C/V\,NOUN,corps,3
265,39,6,que,que,137,Qux,Qux,C/(e)\,PRON,que,8
266,39,7,ci,ci,137,Adv,Adv,C/V\,ADV,ci,8
267,39,8,veez,veez,137,Vfin,Vfin,C/(V)\.'/V\,VERB,voir,3
268,39,9,.,.,137,Pnc,Pnc,,PUNCT,.,9
269,40,1,sus,sus,138,PrA,PrA,C/V\,ADP,sus,3
270,40,2,l',l',138,Det,Det,C/\,DET,le,8
271,40,3,autel,autel,138,N,N,/V\.'C/V\,NOUN,autel,8
272,40,4,est,est,138,Vfin,Vfin,/V\,VERB,être,3
273,40,5,representez,representez,138,Vpp,Vpp,C/V\.C/V\.C/V\.'C/V\,VERB,représenter,9
274,40,6,.,.,138,Pnc,Pnc,,PUNCT,.,9
275,41,1,ce,ce,139,Prn,Prn,C/(e)\,PRON,ce,3
276,41,2,iert,iert,139,Vfin,Vfin,/V\,VERB,être,9
277,41,3,de,de,139,Pre,Pre,C/(e)\,ADP,de,8
278,41,4,la,la,139,Det,Det,C/V\,DET,le,3
279,41,5,nouvele,nouvele,139,Adj,Adj,C/V\.'C/V\.C/(e)\,ADJ,nouveau,8
280,41,6,loy,loy,139,N,N,C/V\,NOUN,loi,8
281,41,7,",",",",139,Pnc,Pnc,,PUNCT,",",9
282,42,1,si,si,140,Adv,Adv,C/V\,ADV,si,8
283,42,2,veil,veil,140,Vfin,Vfin,C/V\,VERB,vouloir,3
284,42,3,que,que,140,Sub,Sub,C/(e)\,SCONJ,que,3
285,42,4,vous,vous,140,Prn,Prn$,C/V\,PRON,vous,8
286,42,5,tenez,tenez,140,Vfin,Vfin,C/V\.'C/V\,VERB,tenir,9
287,42,6,de,de,140,Pre,Pre,C/(e)\,ADP,de,8
288,42,7,moy,moy,140,Prn,Prn,C/V\,PRON,moi,3
289,42,8,.,.,140,Pnc,Pnc,,PUNCT,.,9
290,43,1,o,o,141,Pre,Pre,/V\,ADP,o,8
291,43,2,moi,moi,141,Prn,Prn,C/V\,PRON,je,3
292,43,3,menjue,menjue,141,Vfin,Vfin,C/V\.'C/V\./(e)\,VERB,manger,8
293,43,4,et,et,141,Crd,Crd,/V\,CCONJ,et,8
294,43,5,o,o,141,Pre,Pre,/V\,ADP,o,8
295,43,6,moy,moy,141,Prn,Prn,C/V\,PRON,moi,3
296,43,7,boit,boit,141,Vfin,Vfin,C/V\,VERB,boire,9
297,44,1,qui,qui,142,Qux,Qux,C/V\,PRON,qui,3
298,44,2,le,le,142,Det,Det,C/(e)\,DET,le,8
299,44,3,mien,mien,142,Adj,Adj,C/V\,ADJ,mien,8
300,44,4,cors,cors,142,N,N,C/V\,NOUN,corps,3
301,44,5,voir,voir,142,Adj,Adj,C/V\,ADJ,voir,3
302,44,6,trair,trair,142,Vinf,Vinf,C/V\.'C/V\,VERB,traire,3
303,44,7,doit,doit,142,Vfin,Vfin,C/V\,VERB,devoir,3
304,44,8,.,.,142,Pnc,Pnc,,PUNCT,.,9
305,45,1,sui,sui,143,Vfin,Vfin,C/V\,VERB,être,3
306,45,2,je,je,143,Prn,Prn%,C/(e)\,PRON,je,9
307,45,3,ce,ce,143,Prn,Prn,C/(e)\,PRON,ce,3
308,45,4,",",",",143,Pnc,Pnc,,PUNCT,",",9
309,45,5,sire,sire,143,N,N,'C/V\.C/(e)\,NOUN,sire,11
310,45,6,",",",",143,Pnc,Pnc,,PUNCT,",",9
311,45,7,dites,dites,143,Vfin,Vfin,'C/V\.C/e\,VERB,dire,8
312,45,8,moy,moy,143,Prn,Prn%%,C/V\,PRON,moi,3
313,45,9,",",",",143,Pnc,Pnc,,PUNCT,",",9
314,46,1,que,que,144,Qux,Qux,C/(e)\,PRON,que,8
315,46,2,le,le,144,Det,Det,C/(e)\,DET,le,8
316,46,3,vostre,vostre,144,Adj,Adj,'C/V\.C/(e)\,ADJ,votre,8
317,46,4,cors,cors,144,N,N,C/V\,NOUN,corps,3
318,46,5,trair,trair,144,Vinf,Vinf,C/V\.'C/V\,VERB,traire,3
319,46,6,doy,doy,144,Vfin,Vfin,C/V\,VERB,devoir,8
320,46,7,?,?,144,Pnc,Pnc,,PUNCT,?,9
321,47,1,li,li,145,Det,Det,C/V\,DET,le,3
322,47,2,uns,uns,145,QIs,QIs,/V\,PRON,un,8
323,47,3,de,de,145,Pre,Pre,C/(e)\,ADP,de,8
324,47,4,vous,vous,145,Prn,Prn,C/V\,PRON,vous,8
325,47,5,me,me,145,Prn,Prn$$,C/(e)\,PRON,je,3
326,47,6,traira,traira,145,Vfin,Vfin,C/V\.C/V\.'C/V\,VERB,traire,9
327,48,1,et,et,146,Crd,Crd,/V\,CCONJ,et,8
328,48,2,as,as,146,Pre+Det,Pre+Det,/V\,ADP.DET,à.le,3
329,48,3,juis,juis,146,N,N,C/V\.'C/V\,NOUN,juif,6
330,48,4,me,me,146,Prn,Prn$$,C/(e)\,PRON,je,3
331,48,5,liverra,liverra,146,Vfin,Vfin,C/V\.C/V\.'C/V\,VERB,livrer,9
332,49,1,tout,tout,147,QIs,QIs,C/V\,ADV,tout,8
333,49,2,est,est,147,Vfin,Vfin,/V\,VERB,être,3
334,49,3,escrit,escrit,147,Vpp,Vpp,/V\.'C/V\,VERB,écrire,8
335,49,4,en,en,147,Pre,Pre,/V\,ADP,en,3
336,49,5,l',l',147,Det,Det,C/\,DET,le,8
337,49,6,escripture,escripture,147,N,N,/V\.C/V\.'C/V\.C/(e)\,NOUN,écriture,9
338,50,1,du,du,148,Pre+Det,Pre+Det,C/V\,ADP.DET,de.le,3
339,50,2,fil,fil,148,N,N,C/V\,NOUN,fils,3
340,50,3,marie,marie,148,N,N,C/V\.'C/V\./(e)\,VERB,marier,5
341,50,4,l',l',148,Det,Det,C/\,DET,le,8
342,50,5,aventure,aventure,148,N,N,/V\.C/V\.'C/V\.C/(e)\,NOUN,aventure,8
343,50,6,",",",",148,Pnc,Pnc,,PUNCT,",",9
344,51,1,et,et,149,Crd,Crd,/V\,CCONJ,et,8
345,51,2,tout,tout,149,QIs,QIs,C/V\,PRON,tout,3
346,51,3,convenrra,convenrra,149,Vfin,Vfin,C/V\.C/V\.'C/V\,VERB,convenir,9
347,51,4,raemplir,raemplir,149,Vinf,Vinf,C/(V)\./V\.'C/V\,VERB,raemplir,9
348,52,1,ce,ce,150,Prn,Prn,C/(e)\,PRON,ce,3
349,52,2,que,que,150,Qux,Qux,C/(e)\,PRON,que,8
350,52,3,de,de,150,Pre,Pre,C/(e)\,ADP,de,8
351,52,4,lui,lui,150,Prn,Prn,C/V\,PRON,lui,3
352,52,5,est,est,150,Vfin,Vfin,/V\,VERB,être,3
353,52,6,a,a,150,Pre,Pre,/V\,ADP,à,3
354,52,7,avenir,avenir,150,Vinf,Vinf,/V\.C/e\.'C/V\,VERB,avenir,3
355,52,8,.,.,150,Pnc,Pnc,,PUNCT,.,9
356,53,1,sui,sui,151,Vfin,Vfin,C/V\,VERB,être,3
357,53,2,je,je,151,Prn,Prn%,C/(e)\,PRON,je,9
358,53,3,ce,ce,151,Prn,Prn,C/(e)\,PRON,ce,3
359,53,4,dont,dont,151,Adv,Adv,C/V\,PRON,dont,8
360,53,5,",",",",151,Pnc,Pnc,,PUNCT,",",9
361,53,6,maitres,maitres,151,N,N,'C/V\.C/e\,NOUN,maître,9
362,53,7,jhesu,jhesu,151,N,N,C/V\.'C/V\,PROPN,Jésus,3
363,53,8,?,?,151,Pnc,Pnc,,PUNCT,?,9
364,54,1,l',l',152,Prn,Prn$$,C/\,PRON,il,3
365,54,2,avez,avez,152,Vfin,Vfin,/V\.'C/V\,VERB,avoir,8
366,54,3,vous,vous,152,Prn,Prn%,C/V\,PRON,vous,8
367,54,4,pour,pour,152,Pre,Pre,C/V\,ADP,pour,9
368,54,5,moi,moi,152,Prn,Prn,C/V\,PRON,je,3
369,54,6,ramenteu,ramenteu,152,Vpp,Vpp,C/V\.C/V\.C/(V)\.'/V\,VERB,ramentevoir,9
370,54,7,?,?,152,Pnc,Pnc,,PUNCT,?,9
371,55,1,judas,judas,153,N,N,C/V\.'C/V\,VERB,juger,0
372,55,2,",",",",153,Pnc,Pnc,,PUNCT,",",9
373,55,3,tu,tu,153,Prn,Prn$,C/V\,PRON,tu,8
374,55,4,le,le,153,Prn,Prn$$,C/(e)\,PRON,le,3
375,55,5,dis,dis,153,Vfin,Vfin,C/V\,VERB,dire,3
376,55,6,voirement,voirement,153,Adv,Adv,C/V\.C/e\.'C/V\,ADV,voirement,9
377,55,7,.,.,153,Pnc,Pnc,,PUNCT,.,9
378,56,1,perron,perron,154,N,N,C/V\.'C/V\,NOUN,perron,8
379,56,2,",",",",154,Pnc,Pnc,,PUNCT,",",9
380,56,3,jehan,jehan,154,N,N,C/(V)\.'/V\,PROPN,Jean,3
381,56,4,",",",",154,Pnc,Pnc,,PUNCT,",",9
382,56,5,venez,venez,154,Vfin,Vfin,C/V\.'C/V\,VERB,venir,3
383,56,6,avant,avant,154,PrA,PrA,/V\.'C/V\,ADV,avant,8
384,56,7,",",",",154,Pnc,Pnc,,PUNCT,",",9
385,57,1,en,en,155,Pre,Pre,/V\,ADP,en,3
386,57,2,ce,ce,155,Dem,Dem,C/(e)\,DET,ce,8
387,57,3,jardin,jardin,155,N,N,C/V\.'C/V\,NOUN,jardin,9
388,57,4,a,a,155,Pre,Pre,/V\,ADP,à,3
389,57,5,moi,moi,155,Prn,Prn,C/V\,PRON,je,3
390,57,6,venez,venez,155,Vfin,Vfin,C/V\.'C/V\,VERB,venir,3
391,58,1,qui,qui,156,Qux,Qux,C/V\,PRON,qui,3
392,58,2,du,du,156,Pre+Det,Pre+Det,C/V\,ADP.DET,de.le,3
393,58,3,mont,mont,156,N,N,C/V\,NOUN,monde,3
394,58,4,d',d',156,Pre,Pre,C/\,ADP,de,9
395,58,5,olivete,olivete,156,N,N,/V\.C/V\.'C/V\.C/(e)\,NOUN,olivette,9
396,58,6,est,est,156,Vfin,Vfin,/V\,VERB,être,3
397,58,7,prez,prez,156,PrA,PrA,C/V\,ADJ,prêt,8
398,58,8,.,.,156,Pnc,Pnc,,PUNCT,.,9
399,59,1,je,je,157,Prn,Prn$,C/(e)\,PRON,je,9
400,59,2,vois,vois,157,Vfin,Vfin,C/V\,VERB,aller,3
401,59,3,devant,devant,157,PrA,PrA,C/V\.'C/V\,ADV,devant,8
402,59,4,",",",",157,Pnc,Pnc,,PUNCT,",",9
403,59,5,venez,venez,157,Vfin,Vfin,C/V\.'C/V\,VERB,venir,3
404,59,6,aprés,aprés,157,PrA,PrA,/V\.'C/V\,ADV,après,8
405,59,7,.,.,157,Pnc,Pnc,,PUNCT,.,9
406,60,1,seigneurs,seigneurs,158,N,N,C/V\.'C/V\,NOUN,seigneur,9
407,60,2,",",",",158,Pnc,Pnc,,PUNCT,",",9
408,60,3,veez,veez,158,Vfin,Vfin,C/(V)\.'/V\,VERB,voir,3
409,60,4,ci,ci,158,Adv,Adv,C/V\,ADV,ci,8
410,60,5,le,le,158,Det,Det,C/(e)\,DET,le,8
411,60,6,prophetie,prophetie,158,N,N,C/V\.C/V\.'C/V\./(e)\,NOUN,prophétie,9
412,60,7,.,.,158,Pnc,Pnc,,PUNCT,.,9
413,61,1,ci,ci,159,Adv,Adv,C/V\,ADV,ci,8
414,61,2,ne,ne,159,Neg,Neg$$,C/(e)\,ADV,ne,8
415,61,3,vint,vint,159,Vfin,Vfin,C/V\,VERB,venir,3
416,61,4,par,par,159,Neg,Neg,C/V\,ADP,par,8
417,61,5,pour,pour,159,Pre,Pre,C/V\,ADP,pour,9
418,61,6,presentie,presentie,159,Vpp,Vpp,C/V\.C/V\.'C/V\./(e)\,NOUN,pressentir,2
419,61,7,",",",",159,Pnc,Pnc,,PUNCT,",",9
420,62,1,mais,mais,160,Crd,Crd,C/V\,CCONJ,mais,8
421,62,2,de,de,160,Pre,Pre,C/(e)\,ADP,de,8
422,62,3,mon,mon,160,Det,Det,C/V\,DET,mon,8
423,62,4,pere,pere,160,N,N,'C/V\.C/(e)\,NOUN,père,3
424,62,5,qui,qui,160,Qux,Qux,C/V\,PRON,qui,3
425,62,6,est,est,160,Vfin,Vfin,/V\,VERB,être,3
426,62,7,laissus,laissus,160,Adv,Adv,C/V\.'C/V\,ADV,lassus,6
427,62,8,.,.,160,Pnc,Pnc,,PUNCT,.,9
428,63,1,il,il,161,Prn,Prn$,/V\,PRON,il,9
429,63,2,m',m',161,Prn,Prn$$,C/\,PRON,je,3
430,63,3,envoia,envoia,161,Vfin,Vfin,/V\.C/V\.'C/V\,VERB,envoyer,9
431,63,4,a,a,161,Pre,Pre,/V\,ADP,à,3
432,63,5,vous,vous,161,Prn,Prn,C/V\,PRON,vous,8
433,63,6,ca,ca,161,Adv,Adv,C/V\,ADV,çà,9
434,63,7,jus,jus,161,Adv,Adv,C/V\,ADV,jus,8
435,63,8,.,.,161,Pnc,Pnc,,PUNCT,.,9
436,64,1,et,et,162,Crd,Crd,/V\,CCONJ,et,8
437,64,2,je,je,162,Prn,Prn$,C/(e)\,PRON,je,9
438,64,3,i,i,162,Prn,Prn$$,/V\,PRON,y,3
439,64,4,sui,sui,162,Vfin,Vfin,C/V\,VERB,être,3
440,64,5,volentiers,volentiers,162,Adv,Adv,C/V\.C/V\.'C/V\,ADV,volontiers,9
441,64,6,venuz,venuz,162,Vpp,Vpp,C/V\.'C/V\,VERB,venir,9
442,64,7,;,;,162,Pnc,Pnc,,PUNCT,;,9
443,65,1,et,et,163,Crd,Crd,/V\,CCONJ,et,8
444,65,2,sai,sai,163,Vfin,Vfin,C/V\,VERB,savoir,8
445,65,3,bien,bien,163,Adv,Adv,C/V\,ADV,bien,8
446,65,4,qu',qu',163,Sub,Sub,C/\,SCONJ,que,8
447,65,5,en,en,163,Pre,Pre,/V\,ADP,en,3
448,65,6,croiz,croiz,163,N,N,C/V\,NOUN,croix,8
449,65,7,seré,seré,163,Vfin,Vfin,C/V\.'C/V\,VERB,être,9
450,65,8,penduz,penduz,163,Vpp,Vpp,C/V\.'C/V\,VERB,pendre,8
451,65,9,.,.,163,Pnc,Pnc,,PUNCT,.,9
452,66,1,vous,vous,164,Prn,Prn$,C/V\,PRON,vous,8
453,66,2,estes,estes,164,Vfin,Vfin,'/V\.C/e\,VERB,être,3
454,66,3,tuit,tuit,164,QIs,QIs,C/V\,DET,tout,3
455,66,4,li,li,164,Det,Det,C/V\,DET,le,3
456,66,5,mien,mien,164,Adj,Adj,C/V\,ADJ,mien,8
457,66,6,ami,ami,164,N,N,/V\.'C/V\,NOUN,ami,9
458,66,7,",",",",164,Pnc,Pnc,,PUNCT,",",9
459,67,1,et,et,165,Crd,Crd,/V\,CCONJ,et,8
460,67,2,grant,grant,165,Adj,Adj,C/V\,ADJ,grand,8
461,67,3,paine,paine,165,N,N,'C/V\.C/(e)\,NOUN,peine,8
462,67,4,avez,avez,165,Vfin,Vfin,/V\.'C/V\,VERB,avoir,8
463,67,5,pour,pour,165,Pre,Pre,C/V\,ADP,pour,9
464,67,6,mi,mi,165,Prn,Prn,C/V\,PRON,moi,8
465,67,7,.,.,165,Pnc,Pnc,,PUNCT,.,9
466,68,1,je,je,166,Prn,Prn$,C/(e)\,PRON,je,9
467,68,2,vous,vous,166,Prn,Prn$$,C/V\,PRON,vous,8
468,68,3,en,en,166,Prn,Prn$$,/V\,PRON,en,3
469,68,4,rendrai,rendrai,166,Vfin,Vfin,C/V\.'C/V\,VERB,rendre,9
470,68,5,guerredon,guerredon,166,N,N,C/V\.C/e\.'C/V\,NOUN,guerdon,9
471,69,1,en,en,167,Pre,Pre,/V\,ADP,en,3
472,69,2,paradis,paradis,167,N,N,C/V\.C/V\.'C/V\,NOUN,paradis,8
473,69,3,",",",",167,Pnc,Pnc,,PUNCT,",",9
474,69,4,en,en,167,Pre,Pre,/V\,ADP,en,3
475,69,5,ma,ma,167,Det,Det,C/V\,DET,mon,8
476,69,6,maison,maison,167,N,N,C/V\.'C/V\,NOUN,maison,3
477,69,7,.,.,167,Pnc,Pnc,,PUNCT,.,9
478,70,1,sus,sus,168,PrA,PrA,C/V\,ADP,sus,3
479,70,2,les,les,168,Det,Det,C/V\,DET,le,8
480,70,3,douze,douze,168,QIs,QIs,'C/V\.C/(e)\,NUM,douze,8
481,70,4,sieges,sieges,168,N,N,'C/V\.C/e\,NOUN,siège,9
482,70,5,serez,serez,168,Vfin,Vfin,C/V\.'C/V\,VERB,être,3
483,71,1,au,au,169,Pre+Det,Pre+Det,/V\,ADP.DET,à.le,3
484,71,2,jugement,jugement,169,N,N,C/V\.C/e\.'C/V\,NOUN,jugement,9
485,71,3,et,et,169,Crd,Crd,/V\,CCONJ,et,8
486,71,4,je,je,169,Prn,Prn$,C/(e)\,PRON,je,9
487,71,5,i,i,169,Prn,Prn$$,/V\,PRON,y,3
488,71,6,serai,serai,169,Vfin,Vfin,C/V\.'C/V\,VERB,être,3
489,72,1,qui,qui,170,Qux,Qux,C/V\,PRON,qui,3
490,72,2,desus,desus,170,PrA,PrA,C/V\.'C/V\,ADP,dessus,8
491,72,3,touz,touz,170,QIs,QIs,C/V\,PRON,tout,11
492,72,4,les,les,170,Prn,Prn$$,C/V\,PRON,le,3
493,72,5,jugerai,jugerai,170,Vfin,Vfin,C/V\.C/e\.'C/V\,VERB,juger,9
494,72,6,.,.,170,Pnc,Pnc,,PUNCT,.,9
495,73,1,perron,perron,171,N,N,C/V\.'C/V\,NOUN,perron,8
496,73,2,",",",",171,Pnc,Pnc,,PUNCT,",",9
497,73,3,tu,tu,171,Prn,Prn$,C/V\,PRON,tu,8
498,73,4,es,es,171,Vfin,Vfin,/V\,VERB,être,3
499,73,5,mout,mout,171,QIs,QIs,C/V\,ADV,moult,8
500,73,6,mes,mes,171,Det,Det,C/V\,DET,mon,8
501,73,7,amis,amis,171,N,N,/V\.'C/V\,NOUN,ami,3
502,73,8,",",",",171,Pnc,Pnc,,PUNCT,",",9
503,74,1,tu,tu,172,Prn,Prn$,C/V\,PRON,tu,8
504,74,2,demourras,demourras,172,Vfin,Vfin,C/V\.C/V\.'C/V\,VERB,demeurer,9
505,74,3,ci,ci,172,Adv,Adv,C/V\,ADV,ci,8
506,74,4,avec,avec,172,PrA,PrA,/V\.'C/V\,ADP,avec,8
507,74,5,mi,mi,172,Prn,Prn,C/V\,PRON,moi,8
508,74,6,.,.,172,Pnc,Pnc,,PUNCT,.,9
509,75,1,soies,soies,173,Vfin,Vfin,'C/V\./e\,VERB,être,8
510,75,2,sages,sages,173,Adj,Adj,'C/V\.C/e\,ADJ,sage,8
511,75,3,",",",",173,Pnc,Pnc,,PUNCT,",",9
512,75,4,courtois,courtois,173,Adj,Adj,C/V\.'C/V\,ADJ,courtois,9
513,75,5,et,et,173,Crd,Crd,/V\,CCONJ,et,8
514,75,6,preuz,preuz,173,Adj,Adj,C/V\,ADJ,prudhomme,3
515,75,7,",",",",173,Pnc,Pnc,,PUNCT,",",9
516,76,1,et,et,174,Crd,Crd,/V\,CCONJ,et,8
517,76,2,confortes,confortes,174,Vfin,Vfin,C/V\.'C/V\.C/e\,VERB,conforter,9
518,76,3,tes,tes,174,Det,Det,C/V\,DET,ton,3
519,76,4,amis,amis,174,N,N,/V\.'C/V\,NOUN,ami,3
520,76,5,touz,touz,174,QIs,QIs,C/V\,PRON,tout,11
521,76,6,.,.,174,Pnc,Pnc,,PUNCT,.,9
522,77,1,par,par,175,Pre,Pre,C/V\,ADP,par,8
523,77,2,foi,foi,175,N,N,C/V\,NOUN,foi,8
524,77,3,",",",",175,Pnc,Pnc,,PUNCT,",",9
525,77,4,tuit,tuit,175,QIs,QIs,C/V\,PRON,tout,3
526,77,5,vous,vous,175,Prn,Prn$,C/V\,PRON,vous,8
527,77,6,en,en,175,Prn,Prn$$,/V\,PRON,en,3
528,77,7,fuirés,fuirés,175,Vfin,Vfin,C/V\.'C/V\,VERB,fuir,8
529,77,8,ja,ja,175,Adv,Adv,C/V\,ADV,jà,3
530,78,1,que,que,176,Crd,Crd,C/(e)\,SCONJ,que,3
531,78,2,nul,nul,176,QIs,QIs,C/V\,PRON,nul,8
532,78,3,o,o,176,Pre,Pre,/V\,ADP,o,8
533,78,4,moi,moi,176,Prn,Prn,C/V\,PRON,je,3
534,78,5,ne,ne,176,Neg,Neg$$,C/(e)\,ADV,ne,8
535,78,6,demorra,demorra,176,Vfin,Vfin,C/V\.C/V\.'C/V\,VERB,demeurer,9
536,78,7,.,.,176,Pnc,Pnc,,PUNCT,.,9
537,79,1,batus,batus,177,Vpp,Vpp,C/V\.'C/V\,VERB,battre,9
538,79,2,serai,serai,177,Vfin,Vfin,C/V\.'C/V\,VERB,être,3
539,79,3,et,et,177,Crd,Crd,/V\,CCONJ,et,8
540,79,4,laidengiez,laidengiez,177,Vpp,Vpp,C/V\.C/V\.'C/V\,VERB,laidenger,9
541,79,5,",",",",177,Pnc,Pnc,,PUNCT,",",9
542,80,1,et,et,178,Crd,Crd,/V\,CCONJ,et,8
543,80,2,despecié,despecié,178,Vpp,Vpp,C/V\.C/V\.'C/V\,VERB,dépecer,9
544,80,3,et,et,178,Crd,Crd,/V\,CCONJ,et,8
545,80,4,detrenchiez,detrenchiez,178,Vpp,Vpp,C/V\.C/V\.'C/V\,VERB,détrancher,9
546,80,5,.,.,178,Pnc,Pnc,,PUNCT,.,9
547,81,1,perron,perron,179,N,N,C/V\.'C/V\,NOUN,perron,8
548,81,2,",",",",179,Pnc,Pnc,,PUNCT,",",9
549,81,3,jhean,jhean,179,N,N,C/V\.'C/V\,NOUN,gean,-10
550,81,4,",",",",179,Pnc,Pnc,,PUNCT,",",9
551,81,5,esveilliez,esveilliez,179,Vfin,Vfin,/V\.C/V\.'C/V\,VERB,éveiller,8
552,81,6,vous,vous,179,Prn,Prn%%,C/V\,PRON,vous,8
553,81,7,",",",",179,Pnc,Pnc,,PUNCT,",",9
554,82,1,merci,merci,180,N,N,C/V\.'C/V\,NOUN,merci,8
555,82,2,priez,priez,180,Vfin,Vfin,C/V\.'C/V\,VERB,prier,9
556,82,3,—,—,180,Pnc,Pnc,,PUNCT,—,-10
557,82,4,esveilliez,esveilliez,180,Vfin,Vfin,/V\.C/V\.'C/V\,VERB,éveiller,8
558,82,5,touz,touz,180,QIs,QIs,C/V\,PRON,tout,11
559,82,6,—,—,180,Pnc,Pnc,,PUNCT,—,-10
560,83,1,nostre,nostre,181,Det,Det,'C/V\.C/(e)\,ADJ,notre,8
561,83,2,seigneur,seigneur,181,N,N,C/V\.'C/V\,NOUN,seigneur,8
562,83,3,de,de,181,Pre,Pre,C/(e)\,ADP,de,8
563,83,4,vos,vos,181,Det,Det,C/V\,DET,votre,8
564,83,5,pechiez,pechiez,181,N,N,C/V\.'C/V\,NOUN,péché,8
565,83,6,",",",",181,Pnc,Pnc,,PUNCT,",",9
566,84,1,que,que,182,Sub,Sub,C/(e)\,PRON,que,8
567,84,2,n',n',182,Neg,Neg$$,C/\,ADV,ne,8
568,84,3,aiez,aiez,182,Vfin,Vfin,/V\.'C/V\,VERB,avoir,3
569,84,4,autre,autre,182,Adj,Adj,'/V\.C/(e)\,DET,autre,8
570,84,5,temptation,temptation,182,N,N,C/V\.C/V\.C/{V}\.'/V\,NOUN,tentation,9
571,85,1,de,de,183,Pre,Pre,C/(e)\,ADP,de,8
572,85,2,male,male,183,Adj,Adj,'C/V\.C/(e)\,ADJ,mal,3
573,85,3,cogitation,cogitation,183,N,N,C/V\.C/V\.C/V\.C/V\.'C/V\,NOUN,cogitation,9
574,85,4,.,.,183,Pnc,Pnc,,PUNCT,.,9
575,86,1,jhesu,jhesu,184,N,N,C/V\.'C/V\,PROPN,Jésus,3
576,86,2,",",",",184,Pnc,Pnc,,PUNCT,",",9
577,86,3,jhesu,jhesu,184,N,N,C/V\.'C/V\,PROPN,Jésus,3
578,86,4,",",",",184,Pnc,Pnc,,PUNCT,",",9
579,86,5,le,le,184,Det,Det,C/(e)\,DET,le,8
580,86,6,fil,fil,184,N,N,C/V\,NOUN,fils,3
581,86,7,marie,marie,184,N,N,C/V\.'C/V\./(e)\,VERB,marier,8
582,86,8,",",",",184,Pnc,Pnc,,PUNCT,",",9
583,87,1,de,de,185,Pre,Pre,C/(e)\,ADP,de,8
584,87,2,la,la,185,Det,Det,C/V\,DET,le,3
585,87,3,mort,mort,185,N,N,C/V\,NOUN,mort,3
586,87,4,ne,ne,185,Neg,Neg$$,C/(e)\,ADV,ne,8
587,87,5,t',t',185,Prn,Prn$$,C/\,PRON,te,3
588,87,6,esmaier,esmaier,185,Vinf,Vinf,/V\.C/V\.'C/V\,VERB,esmayer,3
589,87,7,mie,mie,185,Neg,Neg,'C/V\./(e)\,ADV,mie,8
590,87,8,.,.,185,Pnc,Pnc,,PUNCT,.,9
591,88,1,a,a,186,Pre,Pre,/V\,ADP,à,3
592,88,2,la,la,186,Det,Det,C/V\,DET,le,3
593,88,3,mort,mort,186,N,N,C/V\,NOUN,mort,3
594,88,4,t',t',186,Prn,Prn$$,C/\,PRON,te,3
595,88,5,estuet,estuet,186,Vfin,Vfin,/V\.'C/V\,VERB,estovoir,8
596,88,6,parvenir,parvenir,186,Vinf,Vinf,C/V\.C/e\.'C/V\,VERB,parvenir,9
597,88,7,",",",",186,Pnc,Pnc,,PUNCT,",",9
598,89,1,ce,ce,187,Dem,Dem,C/(e)\,DET,ce,8
599,89,2,marrtyre,marrtyre,187,N,N,C/V\.'C/V\.C/(e)\,NOUN,martyre,0
600,89,3,t',t',187,Prn,Prn$$,C/\,PRON,te,3
601,89,4,estuet,estuet,187,Vfin,Vfin,/V\.'C/V\,VERB,estovoir,8
602,89,5,souffrir,souffrir,187,Vinf,Vinf,C/V\.'C/V\,VERB,souffrir,9
603,89,6,.,.,187,Pnc,Pnc,,PUNCT,.,9
604,90,1,diex,diex,188,N,N,C/V\,NOUN,dieu,8
605,90,2,",",",",188,Pnc,Pnc,,PUNCT,",",9
606,90,3,ton,ton,188,Det,Det,C/V\,DET,ton,8
607,90,4,pere,pere,188,N,N,'C/V\.C/(e)\,NOUN,père,3
608,90,5,",",",",188,Pnc,Pnc,,PUNCT,",",9
609,90,6,par,par,188,Pre,Pre,C/V\,ADP,par,8
610,90,7,moi,moi,188,Prn,Prn,C/V\,PRON,je,3
611,90,8,te,te,188,Prn,Prn$$,C/(e)\,PRON,te,3
612,90,9,mande,mande,188,Vfin,Vfin,'C/V\.C/(e)\,VERB,mander,3
613,90,10,",",",",188,Pnc,Pnc,,PUNCT,",",9
614,91,1,la,la,189,Det,Det,C/V\,DET,le,3
615,91,2,mort,mort,189,N,N,C/V\,NOUN,mort,3
616,91,3,prenez,prenez,189,Vfin,Vfin,C/V\.'C/V\,VERB,prendre,8
617,91,4,a,a,189,Pre,Pre,/V\,ADP,à,3
618,91,5,repentance,repentance,189,N,N,C/V\.C/V\.'C/V\.C/(e)\,NOUN,repentance,9
619,91,6,.,.,189,Pnc,Pnc,,PUNCT,.,9
620,92,1,pour,pour,190,Pre,Pre,C/V\,ADP,pour,9
621,92,2,le,le,190,Det,Det,C/(e)\,DET,le,8
622,92,3,sien,sien,190,Adj,Adj,C/V\,ADJ,sien,8
623,92,4,pueple,pueple,190,N,N,'C/V\.C/(e)\,NOUN,peuple,8
624,92,5,racheter,racheter,190,Vinf,Vinf,C/V\.C/e\.'C/V\,VERB,racheter,9
625,93,1,te,te,191,Prn,Prn$$,C/(e)\,PRON,te,3
626,93,2,covient,covient,191,Vfin,Vfin,C/V\.'C/V\,VERB,convenir,9
627,93,3,ceste,ceste,191,Dem,Dem,'C/V\.C/(e)\,DET,cist,3
628,93,4,mort,mort,191,N,N,C/V\,NOUN,mort,3
629,93,5,pener,pener,191,Vinf,Vinf,C/V\.'C/V\,VERB,peiner,9
630,93,6,.,.,191,Pnc,Pnc,,PUNCT,.,9
631,94,1,biax,biax,192,Adj,Adj,C/V\,ADJ,beau,9
632,94,2,douz,douz,192,Adj,Adj,C/V\,ADJ,doux,8
633,94,3,pere,pere,192,N,N,'C/V\.C/(e)\,NOUN,père,3
634,94,4,",",",",192,Pnc,Pnc,,PUNCT,",",9
635,94,5,ce,ce,192,Prn,Prn,C/(e)\,PRON,ce,3
636,94,6,ne,ne,192,Neg,Neg$$,C/(e)\,ADV,ne,8
637,94,7,puet,puet,192,Vfin,Vfin,C/V\,VERB,pouvoir,9
638,94,8,estre,estre,192,Vinf,Vinf,'/V\.C/(e)\,VERB,être,8
639,94,9,!,!,192,Pnc,Pnc,,PUNCT,!,3
640,95,1,a,a,193,Pre,Pre,/V\,ADP,à,3
641,95,2,ton,ton,193,Det,Det,C/V\,DET,ton,8
642,95,3,plaisir,plaisir,193,N,N,C/V\.'C/V\,VERB,plaire,8
643,95,4,me,me,193,Prn,Prn$$,C/(e)\,PRON,je,3
644,95,5,covient,covient,193,Vfin,Vfin,C/V\.'C/V\,VERB,convenir,9
645,95,6,estre,estre,193,Vinf,Vinf,'/V\.C/(e)\,VERB,être,8
646,95,7,.,.,193,Pnc,Pnc,,PUNCT,.,9
647,96,1,fai,fai,194,Vfin,Vfin,C/V\,VERB,faire,9
648,96,2,ton,ton,194,Det,Det,C/V\,DET,ton,8
649,96,3,comandement,comandement,194,N,N,C/V\.C/V\.C/e\.'C/V\,NOUN,commandement,9
650,96,4,de,de,194,Pre,Pre,C/(e)\,ADP,de,8
651,96,5,moi,moi,194,Prn,Prn,C/V\,PRON,je,3
652,96,6,",",",",194,Pnc,Pnc,,PUNCT,",",9
653,97,1,car,car,195,Crd,Crd,C/V\,CCONJ,car,8
654,97,2,je,je,195,Prn,Prn$,C/(e)\,PRON,je,9
655,97,3,le,le,195,Prn,Prn$$,C/(e)\,PRON,le,3
656,97,4,veil,veil,195,Vfin,Vfin,C/V\,VERB,vouloir,3
657,97,5,et,et,195,Crd,Crd,/V\,CCONJ,et,8
658,97,6,m',m',195,Prn,Prn$$,C/\,PRON,je,3
659,97,7,i,i,195,Prn,Prn$$,/V\,PRON,y,3
660,97,8,otroi,otroi,195,Vfin,Vfin,/V\.'C/V\,VERB,octroyer,8
661,97,9,.,.,195,Pnc,Pnc,,PUNCT,.,9
662,98,1,seigneurs,seigneurs,196,N,N,C/V\.'C/V\,NOUN,seigneur,9
663,98,2,juis,juis,196,N,N,C/V\.'C/V\,ADV,juis,-10
664,98,3,",",",",196,Pnc,Pnc,,PUNCT,",",9
665,98,4,or,or,196,Adv,Adv,/V\,ADV,or,8
666,98,5,entendés,entendés,196,Vfin,Vfin,/V\.C/V\.'C/V\,VERB,entendre,9
667,99,1,et,et,197,Crd,Crd,/V\,CCONJ,et,8
668,99,2,me,me,197,Prn,Prn$$,C/(e)\,PRON,je,3
669,99,3,dites,dites,197,Vfin,Vfin,'C/V\.C/e\,VERB,dire,8
670,99,4,que,que,197,Sub,Sub,C/(e)\,SCONJ,que,3
671,99,5,me,me,197,Prn,Prn$$,C/(e)\,PRON,je,3
672,99,6,dorrés,dorrés,197,Vfin,Vfin,C/V\.'C/V\,VERB,donner,3
673,100,1,du,du,198,Pre+Det,Pre+Det,C/V\,ADP.DET,de.le,3
674,100,2,vostre,vostre,198,Adj,Adj,'C/V\.C/(e)\,PRON,votre,8
675,100,3,",",",",198,Pnc,Pnc,,PUNCT,",",9
676,100,4,se,se,198,Sub,Sub,C/(e)\,SCONJ,si,3
677,100,5,ore,ore,198,Adv,Adv,'/V\.C/(e)\,ADV,or,8
678,100,6,en,en,198,Pre,Pre,/V\,ADP,en,3
679,100,7,droit,droit,198,Adj,Adj,C/V\,NOUN,droit,8
680,100,8,vous,vous,198,Prn,Prn$$,C/V\,PRON,vous,8
681,100,9,vent,vent,198,Vfin,Vfin,C/V\,VERB,vendre,3
682,101,1,mon,mon,199,Det,Det,C/V\,DET,mon,8
683,101,2,maitre,maitre,199,N,N,'C/V\.C/(e)\,NOUN,maître,9
684,101,3,que,que,199,Qux,Qux,C/(e)\,PRON,que,8
685,101,4,vous,vous,199,Prn,Prn$,C/V\,PRON,vous,8
686,101,5,heez,heez,199,Vfin,Vfin,C/V\.'C/V\,VERB,haïr,0
687,101,6,tant,tant,199,QIs,QIs,C/V\,ADV,tant,8
688,101,7,",",",",199,Pnc,Pnc,,PUNCT,",",9
689,102,1,qui,qui,200,Qux,Qux,C/V\,PRON,qui,3
690,102,2,veut,veut,200,Vfin,Vfin,C/V\,VERB,vouloir,3
691,102,3,destruire,destruire,200,Vinf,Vinf,C/V\.'C/V\.C/(e)\,VERB,détruire,9
692,102,4,vostre,vostre,200,Det,Det,'C/V\.C/(e)\,DET,votre,8
693,102,5,loy,loy,200,N,N,C/V\,NOUN,loi,8
694,103,1,et,et,201,Crd,Crd,/V\,CCONJ,et,8
695,103,2,touz,touz,201,QIs,QIs,C/V\,DET,tout,11
696,103,3,vous,vous,201,Prn,Prn$$,C/V\,PRON,vous,8
697,103,4,veut,veut,201,Vfin,Vfin,C/V\,VERB,vouloir,3
698,103,5,mestre,mestre,201,Vinf,Vinf,'C/V\.C/(e)\,NOUN,maître,8
699,103,6,sous,sous,201,PrA,PrA,C/V\,ADP,sous,8
700,103,7,soi,soi,201,Prn,Prn,C/V\,PRON,soi,8
701,103,8,.,.,201,Pnc,Pnc,,PUNCT,.,9
702,104,1,judas,judas,202,N,N,C/V\.'C/V\,VERB,juger,0
703,104,2,",",",",202,Pnc,Pnc,,PUNCT,",",9
704,104,3,un,un,202,QIs,QIs,/V\,DET,un,3
705,104,4,petit,petit,202,Adj,Adj,C/V\.'C/V\,PRON,petit,8
706,104,5,m',m',202,Prn,Prn$$,C/\,PRON,je,3
707,104,6,entendez,entendez,202,Vfin,Vfin,/V\.C/V\.'C/V\,VERB,entendre,9
708,104,7,.,.,202,Pnc,Pnc,,PUNCT,.,9
709,105,1,se,se,203,Sub,Sub,C/(e)\,SCONJ,si,3
710,105,2,vous,vous,203,Prn,Prn,C/V\,PRON,vous,8
711,105,3,jhesucrist,jhesucrist,203,N,N,C/V\.C/V\.'C/V\,NOUN,jésus-christ,-10
712,105,4,me,me,203,Prn,Prn$$,C/(e)\,PRON,je,3
713,105,5,rendez,rendez,203,Vfin,Vfin,C/V\.'C/V\,VERB,rendre,9
714,106,1,trente,trente,204,QIs,QIs,'C/V\.C/(e)\,NUM,trente,9
715,106,2,deniers,deniers,204,N,N,C/V\.C/<V>\.'/V\,NOUN,denier,9
716,106,3,vous,vous,204,Prn,Prn$$,C/V\,PRON,vous,8
717,106,4,en,en,204,Prn,Prn$$,/V\,PRON,en,3
718,106,5,dourrai,dourrai,204,Vfin,Vfin,C/V\.'C/V\,VERB,donner,9
719,106,6,.,.,204,Pnc,Pnc,,PUNCT,.,9
720,107,1,maintenant,maintenant,205,Adv,Adv,C/V\.C/e\.'C/V\,ADV,maintenant,8
721,107,2,le,le,205,Prn,Prn$$,C/(e)\,PRON,le,3
722,107,3,vous,vous,205,Prn,Prn$$,C/V\,PRON,vous,8
723,107,4,livrerai,livrerai,205,Vfin,Vfin,C/V\.C/e\.'C/V\,VERB,livrer,9
724,107,5,.,.,205,Pnc,Pnc,,PUNCT,.,9
725,108,1,bailliez,bailliez,206,Vfin,Vfin,C/V\.'C/V\,VERB,bailler,8
726,108,2,les,les,206,Prn,Prn%%,C/V\,PRON,le,3
727,108,3,moy,moy,206,Prn,Prn,C/V\,PRON,moi,3
728,108,4,isnelement,isnelement,206,Adv,Adv,/V\.C/V\.C/e\.'C/V\,ADV,isnellement,9
729,108,5,!,!,206,Pnc,Pnc,,PUNCT,!,3
730,109,1,judas,judas,207,N,N,C/V\.'C/V\,VERB,juger,0
731,109,2,",",",",207,Pnc,Pnc,,PUNCT,",",9
732,109,3,tout,tout,207,QIs,QIs,C/V\,ADV,tout,8
733,109,4,a,a,207,Pre,Pre,/V\,ADP,à,3
734,109,5,vostre,vostre,207,Det,Det,'C/V\.C/(e)\,DET,votre,8
735,109,6,talent,talent,207,N,N,C/V\.'C/V\,NOUN,talent,9
736,109,7,.,.,207,Pnc,Pnc,,PUNCT,.,9
737,110,1,maintenant,maintenant,208,Adv,Adv,C/V\.C/e\.'C/V\,ADV,maintenant,8
738,110,2,vous,vous,208,Prn,Prn$$,C/V\,PRON,vous,8
739,110,3,seront,seront,208,Vfin,Vfin,C/V\.'C/V\,VERB,être,3
740,110,4,livré,livré,208,Vpp,Vpp,C/V\.'C/V\,VERB,livrer,9
741,110,5,;,;,208,Pnc,Pnc,,PUNCT,;,9
742,111,1,atendez,atendez,209,Vfin,Vfin,/V\.C/V\.'C/V\,VERB,attendre,9
743,111,2,qu',qu',209,Sub,Sub,C/\,SCONJ,que,8
744,111,3,il,il,209,Prn,Prn$,/V\,PRON,il,9
745,111,4,soient,soient,209,Vfin,Vfin,'C/V\./e\,VERB,être,3
746,111,5,conté,conté,209,Vpp,Vpp,C/V\.'C/V\,VERB,conter,3
747,111,6,.,.,209,Pnc,Pnc,,PUNCT,.,9
748,112,1,enpreu,enpreu,210,QIs,QIs,/V\.'C/V\,ADV,empreu,4
749,112,2,et,et,210,Crd,Crd,/V\,CCONJ,et,8
750,112,3,deus,deus,210,QIs,QIs,C/V\,NUM,deux,8
751,112,4,et,et,210,Crd,Crd,/V\,CCONJ,et,8
752,112,5,trois,trois,210,QIs,QIs,C/V\,NUM,trois,8
753,112,6,et,et,210,Crd,Crd,/V\,CCONJ,et,8
754,112,7,quatre,quatre,210,QIs,QIs,'C/V\.C/(e)\,NUM,quatre,3
755,112,8,et,et,210,Crd,Crd,/V\,CCONJ,et,8
756,112,9,cinc,cinc,210,QIs,QIs,C/V\,NUM,cinq,9
757,112,10,et,et,210,Crd,Crd,/V\,CCONJ,et,8
758,112,11,sis,sis,210,QIs,QIs,C/V\,NUM,six,8
759,112,12,.,.,210,Pnc,Pnc,,PUNCT,.,9
760,113,1,par,par,211,Pre,Pre,C/V\,ADP,par,8
761,113,2,le,le,211,Det,Det,C/(e)\,DET,le,8
762,113,3,grant,grant,211,Adj,Adj,C/V\,ADJ,grand,8
763,113,4,dieu,dieu,211,N,N,C/V\,NOUN,dieu,8
764,113,5,",",",",211,Pnc,Pnc,,PUNCT,",",9
765,113,6,je,je,211,Prn,Prn$,C/(e)\,PRON,je,9
766,113,7,sui,sui,211,Vfin,Vfin,C/V\,VERB,être,3
767,113,8,honiz,honiz,211,Vpp,Vpp,C/V\.'C/V\,VERB,honnir,8
768,113,9,",",",",211,Pnc,Pnc,,PUNCT,",",9
769,114,1,que,que,212,Sub,Sub,C/(e)\,SCONJ,que,3
770,114,2,je,je,212,Prn,Prn$,C/(e)\,PRON,je,9
771,114,3,n',n',212,Neg,Neg$$,C/\,ADV,ne,8
772,114,4,en,en,212,Prn,Prn$$,/V\,PRON,en,3
773,114,5,ai,ai,212,Vfin,Vfin,/V\,VERB,avoir,8
774,114,6,que,que,212,Sub,Sub,C/(e)\,PRON,que,8
775,114,7,vint,vint,212,QIs,QIs,C/V\,NUM,vingt,3
776,114,8,et,et,212,Crd,Crd,/V\,CCONJ,et,8
777,114,9,huit,huit,212,QIs,QIs,/V\,NUM,huit,9
778,114,10,!,!,212,Pnc,Pnc,,PUNCT,!,3
779,115,1,mais,mais,213,Crd,Crd,C/V\,CCONJ,mais,8
780,115,2,",",",",213,Pnc,Pnc,,PUNCT,",",9
781,115,3,par,par,213,Pre,Pre,C/V\,ADP,par,8
782,115,4,la,la,213,Det,Det,C/V\,DET,le,3
783,115,5,loy,loy,213,N,N,C/V\,NOUN,loi,8
784,115,6,que,que,213,Qux,Qux,C/(e)\,PRON,que,8
785,115,7,creons,creons,213,Vfin,Vfin,C/V\.'C/V\,VERB,croire,3
786,115,8,tuit,tuit,213,QIs,QIs,C/V\,PRON,tout,3
787,115,9,",",",",213,Pnc,Pnc,,PUNCT,",",9
788,116,1,que,que,214,Sub,Sub,C/(e)\,SCONJ,que,3
789,116,2,deus,deus,214,QIs,QIs,C/V\,NUM,deux,8
790,116,3,deniers,deniers,214,N,N,C/V\.C/<V>\.'/V\,NOUN,denier,9
791,116,4,me,me,214,Prn,Prn$$,C/(e)\,PRON,je,3
792,116,5,rebaurrez,rebaurrez,214,Vfin,Vfin,C/V\.C/V\.'C/V\,VERB,rebaurer,-10
793,116,6,",",",",214,Pnc,Pnc,,PUNCT,",",9
794,117,1,quatre,quatre,215,QIs,QIs,'C/V\.C/(e)\,NUM,quatre,3
795,117,2,deniers,deniers,215,N,N,C/V\.C/<V>\.'/V\,NOUN,denier,9
796,117,3,en,en,215,Prn,Prn$$,/V\,PRON,en,3
797,117,4,raverez,raverez,215,Vfin,Vfin,C/V\.C/e\.'C/V\,VERB,ravoyer,0
798,117,5,!,!,215,Pnc,Pnc,,PUNCT,!,3
799,118,1,tenez,tenez,216,Vfin,Vfin,C/V\.'C/V\,VERB,tenir,9
800,118,2,",",",",216,Pnc,Pnc,,PUNCT,",",9
801,118,3,tenez,tenez,216,Vfin,Vfin,C/V\.'C/V\,VERB,tenir,9
802,118,4,",",",",216,Pnc,Pnc,,PUNCT,",",9
803,118,5,veez,veez,216,Vfin,Vfin,C/(V)\.'/V\,VERB,voir,3
804,118,6,les,les,216,Prn,Prn%%,C/V\,PRON,le,3
805,118,7,ci,ci,216,Adv,Adv,C/V\,ADV,ci,8
806,118,8,",",",",216,Pnc,Pnc,,PUNCT,",",9
807,118,9,vez,vez,216,Vfin,Vfin,C/V\,VERB,voir,8
808,118,10,!,!,216,Pnc,Pnc,,PUNCT,!,3
809,119,1,ja,ja,217,Adv,Adv,C/V\,ADV,jà,3
810,119,2,ne,ne,217,Neg,Neg$$,C/(e)\,ADV,ne,8
811,119,3,demorra,demorra,217,Vfin,Vfin,C/V\.C/V\.'C/V\,VERB,demeurer,9
812,119,4,li,li,217,Det,Det,C/V\,DET,le,3
813,119,5,marchiez,marchiez,217,N,N,C/V\.'C/V\,NOUN,marché,8
814,119,6,.,.,217,Pnc,Pnc,,PUNCT,.,9
815,120,1,delivrez,delivrez,218,Vfin,Vfin,C/V\.C/V\.'C/V\,VERB,délivrer,8
816,120,2,les,les,218,Prn,Prn%%,C/V\,PRON,le,3
817,120,3,au,au,218,Pre+Det,Pre+Det,/V\,ADP.DET,à.le,3
818,120,4,marcheant,marcheant,218,N,N,C/V\.C/(V)\.'/V\,NOUN,marchand,8
819,120,5,",",",",218,Pnc,Pnc,,PUNCT,",",9
820,121,1,mais,mais,219,Adv,Adv,C/V\,ADV,mais,8
821,121,2,que,que,219,Sub,Sub,C/(e)\,SCONJ,que,3
822,121,3,vous,vous,219,Prn,Prn$$,C/V\,PRON,vous,8
823,121,4,tiegne,tiegne,219,Vfin,Vfin,'C/V\.C/(e)\,VERB,tenir,9
824,121,5,bien,bien,219,Adv,Adv,C/V\,ADV,bien,8
825,121,6,couvent,couvent,219,N,N,C/V\.'C/V\,NOUN,convent,3
826,121,7,!,!,219,Pnc,Pnc,,PUNCT,!,3
827,122,1,diex,diex,220,N,N,C/V\,NOUN,dieu,8
828,122,2,",",",",220,Pnc,Pnc,,PUNCT,",",9
829,122,3,com,com,220,Sub,Sub,C/V\,ADV,comme,3
830,122,4,tu,tu,220,Prn,Prn$,C/V\,PRON,tu,8
831,122,5,dis,dis,220,Vfin,Vfin,C/V\,VERB,dire,3
832,122,6,bien,bien,220,Adv,Adv,C/V\,ADV,bien,8
833,122,7,",",",",220,Pnc,Pnc,,PUNCT,",",9
834,122,8,mon,mon,220,Det,Det,C/V\,DET,mon,8
835,122,9,ami,ami,220,N,N,/V\.'C/V\,NOUN,ami,9
836,122,10,!,!,220,Pnc,Pnc,,PUNCT,!,3
837,123,1,il,il,221,Prn,Prn$,/V\,PRON,il,9
838,123,2,a,a,221,Vfin,Vfin,/V\,VERB,avoir,3
839,123,3,en,en,221,Pre,Pre,/V\,ADP,en,3
840,123,4,toy,toy,221,Prn,Prn,C/V\,PRON,toi,9
841,123,5,mout,mout,221,QIs,QIs,C/V\,ADV,moult,8
842,123,6,bon,bon,221,Adj,Adj,C/V\,ADJ,bon,8
843,123,7,meschin,meschin,221,N,N,C/V\.'C/V\,NOUN,méchin,6
844,123,8,.,.,221,Pnc,Pnc,,PUNCT,.,9
845,124,1,tenez,tenez,222,Vfin,Vfin,C/V\.'C/V\,VERB,tenir,9
846,124,2,",",",",222,Pnc,Pnc,,PUNCT,",",9
847,124,3,judas,judas,222,N,N,C/V\.'C/V\,VERB,juger,0
848,124,4,",",",",222,Pnc,Pnc,,PUNCT,",",9
849,124,5,vostre,vostre,222,Det,Det,'C/V\.C/(e)\,DET,votre,8
850,124,6,monoie,monoie,222,N,N,C/V\.'C/V\./(e)\,NOUN,monnaie,9
851,124,7,",",",",222,Pnc,Pnc,,PUNCT,",",9
852,125,1,quar,quar,223,Crd,Crd,C/V\,CCONJ,car,8
853,125,2,se,se,223,Sub,Sub,C/(e)\,SCONJ,si,3
854,125,3,ja,ja,223,Adv,Adv,C/V\,ADV,jà,3
855,125,4,li,li,223,Det,Det,C/V\,DET,le,3
856,125,5,grant,grant,223,Adj,Adj,C/V\,ADJ,grand,8
857,125,6,dieu,dieu,223,N,N,C/V\,NOUN,dieu,8
858,125,7,me,me,223,Prn,Prn$$,C/(e)\,PRON,je,3
859,125,8,voie,voie,223,Vfin,Vfin,'C/V\./(e)\,VERB,voir,3
860,125,9,",",",",223,Pnc,Pnc,,PUNCT,",",9
861,126,1,quant,quant,224,Sub,Sub,C/V\,SCONJ,quand,3
862,126,2,li,li,224,Det,Det,C/V\,DET,le,3
863,126,3,faus,faus,224,Adj,Adj,C/V\,ADJ,faux,3
864,126,4,truans,truans,224,Adj,Adj,C/V\.'C/V\,VERB,truand,2
865,126,5,ypocrites,ypocrites,224,Adj,Adj,/V\.C/V\.'C/V\.C/e\,NOUN,hypocrite,8
866,127,1,sera,sera,225,Vfin,Vfin,C/V\.'C/V\,VERB,être,3
867,127,2,pris,pris,225,Vpp,Vpp,C/V\,VERB,prendre,3
868,127,3,",",",",225,Pnc,Pnc,,PUNCT,",",9
869,127,4,n',n',225,Neg,Neg$$,C/\,ADV,ne,8
870,127,5,en,en,225,Prn,Prn$$,/V\,PRON,en,3
871,127,6,sera,sera,225,Vfin,Vfin,C/V\.'C/V\,VERB,être,3
872,127,7,il,il,225,Prn,Prn%,/V\,PRON,il,9
873,127,8,pas,pas,225,Neg,Neg,C/V\,ADV,pas,8
874,127,9,quittes,quittes,225,Adj,Adj,'C/V\.C/e\,ADJ,quitte,8
875,127,10,.,.,225,Pnc,Pnc,,PUNCT,.,9
876,128,1,annas,annas,226,N,N,/V\.'C/V\,NOUN,anne,-10
877,128,2,",",",",226,Pnc,Pnc,,PUNCT,",",9
878,128,3,entendez,entendez,226,Vfin,Vfin,/V\.C/V\.'C/V\,VERB,entendre,9
879,128,4,a,a,226,Pre,Pre,/V\,ADP,à,3
880,128,5,moy,moy,226,Prn,Prn,C/V\,PRON,moi,3
881,128,6,.,.,226,Pnc,Pnc,,PUNCT,.,9
882,129,1,je,je,227,Prn,Prn$,C/(e)\,PRON,je,9
883,129,2,vous,vous,227,Prn,Prn$$,C/V\,PRON,vous,8
884,129,3,enseignerai,enseignerai,227,Vfin,Vfin,/V\.C/V\.C/e\.'C/V\,VERB,enseigner,9
885,129,4,par,par,227,Pre,Pre,C/V\,ADP,par,8
886,129,5,quoy,quoy,227,Qux,Qux,C/V\,PRON,quoi,3
887,130,1,le,le,228,Det,Det,C/(e)\,DET,le,8
888,130,2,nostre,nostre,228,Adj,Adj,'C/V\.C/(e)\,ADJ,notre,8
889,130,3,maitre,maitre,228,N,N,'C/V\.C/(e)\,VERB,maître,2
890,130,4,conitrez,conitrez,228,Vinf,Vinf,C/V\.C/V\.'C/V\,VERB,connaître,9
891,130,5,.,.,228,Pnc,Pnc,,PUNCT,.,9
892,131,1,celui,celui,229,Dem,Dem,C/V\.'C/V\,PRON,cil,3
893,131,2,que,que,229,Qux,Qux,C/(e)\,PRON,que,8
894,131,3,baisier,baisier,229,Vinf,Vinf,C/V\.'C/V\,VERB,baiser,8
895,131,4,me,me,229,Prn,Prn$$,C/(e)\,PRON,je,3
896,131,5,verrez,verrez,229,Vfin,Vfin,C/V\.'C/V\,VERB,voir,3
897,131,6,",",",",229,Pnc,Pnc,,PUNCT,",",9
898,132,1,c',c',230,Prn,Prn,C/\,PRON,ce,3
899,132,2,est,est,230,Vfin,Vfin,/V\,VERB,être,3
900,132,3,mes,mes,230,Det,Det,C/V\,DET,mon,8
901,132,4,mestres,mestres,230,N,N,'C/V\.C/e\,NOUN,maître,8
902,132,5,",",",",230,Pnc,Pnc,,PUNCT,",",9
903,132,6,celui,celui,230,Dem,Dem,C/V\.'C/V\,PRON,cil,3
904,132,7,prenez,prenez,230,Vfin,Vfin,C/V\.'C/V\,VERB,prendre,8
905,132,8,.,.,230,Pnc,Pnc,,PUNCT,.,9
906,133,1,seigneurs,seigneurs,231,N,N,C/V\.'C/V\,NOUN,seigneur,9
907,133,2,",",",",231,Pnc,Pnc,,PUNCT,",",9
908,133,3,amis,amis,231,N,N,/V\.'C/V\,NOUN,ami,3
909,133,4,",",",",231,Pnc,Pnc,,PUNCT,",",9
910,133,5,pour,pour,231,Pre,Pre,C/V\,ADP,pour,9
911,133,6,quoi,quoi,231,Qux,Qux,C/V\,PRON,quoi,3
912,133,7,dormez,dormez,231,Vfin,Vfin,C/V\.'C/V\,VERB,dormir,9
913,133,8,?,?,231,Pnc,Pnc,,PUNCT,?,9
914,134,1,une,une,232,QIs,QIs,'/V\.C/(e)\,DET,un,3
915,134,2,eure,eure,232,N,N,'/V\.C/(e)\,NOUN,heure,8
916,134,3,veillier,veillier,232,Vinf,Vinf,C/V\.'C/V\,VERB,veiller,8
917,134,4,ne,ne,232,Neg,Neg$$,C/(e)\,ADV,ne,8
918,134,5,poez,poez,232,Vfin,Vfin,C/V\.'C/V\,VERB,pouvoir,9
919,134,6,?,?,232,Pnc,Pnc,,PUNCT,?,9
920,135,1,judas,judas,233,N,N,C/V\.'C/V\,NOUN,judas,5
921,135,2,ne,ne,233,Neg,Neg$$,C/(e)\,ADV,ne,8
922,135,3,dort,dort,233,Vfin,Vfin,C/V\,VERB,dormir,9
923,135,4,ore,ore,233,Adv,Adv,'/V\.C/(e)\,ADV,or,8
924,135,5,noient,noient,233,Prn,Prn,C/V\.'C/V\,PRON,néant,8
925,135,6,",",",",233,Pnc,Pnc,,PUNCT,",",9
926,136,1,et,et,234,Crd,Crd,/V\,CCONJ,et,8
927,136,2,vous,vous,234,Prn,Prn$,C/V\,PRON,vous,8
928,136,3,dormez,dormez,234,Vfin,Vfin,C/V\.'C/V\,VERB,dormir,9
929,136,4,si,si,234,Adv,Adv,C/V\,ADV,si,8
930,136,5,fierement,fierement,234,Adv,Adv,C/V\.C/e\.'C/V\,ADV,fièrement,8
931,136,6,.,.,234,Pnc,Pnc,,PUNCT,.,9
932,137,1,esveilliez,esveilliez,235,Vfin,Vfin,/V\.C/V\.'C/V\,VERB,éveiller,8
933,137,2,vous,vous,235,Prn,Prn%%,C/V\,PRON,vous,8
934,137,3,",",",",235,Pnc,Pnc,,PUNCT,",",9
935,137,4,levez,levez,235,Vpp,Vpp,C/V\.'C/V\,VERB,lever,8
936,137,5,de,de,235,Pre,Pre,C/(e)\,ADP,de,8
937,137,6,ci,ci,235,Adv,Adv,C/V\,ADV,ci,8
938,137,7,",",",",235,Pnc,Pnc,,PUNCT,",",9
939,138,1,judas,judas,236,N,N,C/V\.'C/V\,NOUN,judas,5
940,138,2,est,est,236,Vfin,Vfin,/V\,VERB,être,3
941,138,3,pres,pres,236,PrA,PrA,C/V\,ADV,près,8
942,138,4,qui,qui,236,Qux,Qux,C/V\,PRON,qui,3
943,138,5,m',m',236,Prn,Prn$$,C/\,PRON,je,3
944,138,6,a,a,236,Vfin,Vfin,/V\,VERB,avoir,3
945,138,7,traï,traï,236,Vpp,Vpp,C/V\.'C/V\,VERB,trahir,9
946,138,8,.,.,236,Pnc,Pnc,,PUNCT,.,9
947,139,1,or,or,237,Adv,Adv,/V\,ADV,or,8
948,139,2,ca,ca,237,Adv,Adv,C/V\,ADV,çà,9
949,139,3,",",",",237,Pnc,Pnc,,PUNCT,",",9
950,139,4,juis,juis,237,N,N,C/V\.'C/V\,ADV,juis,-10
951,139,5,",",",",237,Pnc,Pnc,,PUNCT,",",9
952,139,6,moi,moi,237,Prn,Prn$$,C/V\,PRON,je,3
953,139,7,querez,querez,237,Vfin,Vfin,C/V\.'C/V\,VERB,quérir,3
954,139,8,vous,vous,237,Prn,Prn%,C/V\,PRON,vous,8
955,139,9,?,?,237,Pnc,Pnc,,PUNCT,?,9
956,140,1,volez,volez,238,Vfin,Vfin,C/V\.'C/V\,VERB,vouloir,3
957,140,2,savoir,savoir,238,Vinf,Vinf,C/V\.'C/V\,VERB,savoir,9
958,140,3,le,le,238,Det,Det,C/(e)\,DET,le,8
959,140,4,quel,quel,238,Qux,Qux,C/V\,PRON,quel,8
960,140,5,de,de,238,Pre,Pre,C/(e)\,ADP,de,8
961,140,6,nous,nous,238,Prn,Prn,C/V\,PRON,nous,8
962,141,1,est,est,239,Vfin,Vfin,/V\,VERB,être,3
963,141,2,jhesucrist,jhesucrist,239,N,N,C/V\.C/V\.'C/V\,NOUN,jésus-christ,-10
964,141,3,qui,qui,239,Qux,Qux,C/V\,PRON,qui,3
965,141,4,preescha,preescha,239,Vfin,Vfin,C/V\.C/e\.'C/V\,VERB,prêcher,9
966,142,1,et,et,240,Crd,Crd,/V\,CCONJ,et,8
967,142,2,sa,sa,240,Det,Det,C/V\,DET,son,8
968,142,3,loy,loy,240,N,N,C/V\,NOUN,loi,8
969,142,4,as,as,240,Pre+Det,Pre+Det,/V\,ADP.DET,à.le,3
970,142,5,juis,juis,240,N,N,C/V\.'C/V\,NOUN,juif,6
971,142,6,moutra,moutra,240,Vfin,Vfin,C/V\.'C/V\,VERB,moutrer,-10
972,142,7,?,?,240,Pnc,Pnc,,PUNCT,?,9
973,143,1,que,que,241,Qux,Qux,C/(e)\,PRON,que,8
974,143,2,querez,querez,241,Vfin,Vfin,C/V\.'C/V\,VERB,quérir,3
975,143,3,vous,vous,241,Prn,Prn%,C/V\,PRON,vous,8
976,143,4,",",",",241,Pnc,Pnc,,PUNCT,",",9
977,143,5,dites,dites,241,Vfin,Vfin,'C/V\.C/e\,VERB,dire,8
978,143,6,le,le,241,Prn,Prn%%,C/(e)\,PRON,le,3
979,143,7,moy,moy,241,Prn,Prn,C/V\,PRON,moi,3
980,143,8,.,.,241,Pnc,Pnc,,PUNCT,.,9
981,144,1,jhesu,jhesu,242,N,N,C/V\.'C/V\,PROPN,Jésus,3
982,144,2,querons,querons,242,Vfin,Vfin,C/V\.'C/V\,VERB,quérir,9
983,144,3,qui,qui,242,Qux,Qux,C/V\,PRON,qui,3
984,144,4,ce,ce,242,Prn,Prn$$,C/(e)\,PRON,ce,3
985,144,5,fait,fait,242,Vfin,Vfin,C/V\,VERB,faire,3
986,144,6,roy,roy,242,N,N,C/V\,NOUN,roi,3
987,144,7,.,.,242,Pnc,Pnc,,PUNCT,.,9
988,145,1,biaus,biaus,243,Adj,Adj,C/V\,ADJ,beau,9
989,145,2,maitres,maitres,243,N,N,'C/V\.C/e\,NOUN,maître,9
990,145,3,jhesu,jhesu,243,N,N,C/V\.'C/V\,PROPN,Jésus,3
991,145,4,",",",",243,Pnc,Pnc,,PUNCT,",",9
992,145,5,diex,diex,243,N,N,C/V\,NOUN,dieu,8
993,145,6,te,te,243,Prn,Prn$$,C/(e)\,PRON,te,3
994,145,7,gart,gart,243,Vfin,Vfin,C/V\,VERB,garder,8
995,145,8,!,!,243,Pnc,Pnc,,PUNCT,!,3
996,146,1,baisier,baisier,244,Vinf,Vinf,C/V\.'C/V\,VERB,baiser,8
997,146,2,te,te,244,Prn,Prn$$,C/(e)\,PRON,te,3
998,146,3,veil,veil,244,Vfin,Vfin,C/V\,VERB,vouloir,3
999,146,4,de,de,244,Pre,Pre,C/(e)\,ADP,de,8
1000,146,5,ceste,ceste,244,Dem,Dem,'C/V\.C/(e)\,DET,cist,3
1001,146,6,part,part,244,N,N,C/V\,NOUN,part,3
1002,146,7,.,.,244,Pnc,Pnc,,PUNCT,.,9
1003,147,1,tu,tu,245,Prn,Prn$,C/V\,PRON,tu,8
1004,147,2,me,me,245,Prn,Prn$$,C/(e)\,PRON,je,3
1005,147,3,baises,baises,245,Vfin,Vfin,'C/V\.C/e\,VERB,baiser,9
1006,147,4,",",",",245,Pnc,Pnc,,PUNCT,",",9
1007,147,5,tu,tu,245,Prn,Prn$,C/V\,PRON,tu,8
1008,147,6,m',m',245,Prn,Prn$$,C/\,PRON,je,3
1009,147,7,as,as,245,Vfin,Vfin,/V\,VERB,avoir,8
1010,147,8,traï,traï,245,Vpp,Vpp,C/V\.'C/V\,VERB,trahir,9
1011,147,9,.,.,245,Pnc,Pnc,,PUNCT,.,9
1012,148,1,or,or,246,Adv,Adv,/V\,ADV,or,8
1013,148,2,m',m',246,Prn,Prn$$,C/\,PRON,je,3
1014,148,3,en,en,246,Prn,Prn$$,/V\,PRON,en,3
1015,148,4,merront,merront,246,Vfin,Vfin,C/V\.'C/V\,VERB,mener,9
1016,148,5,mi,mi,246,Det,Det,C/V\,DET,mon,3
1017,148,6,anemi,anemi,246,N,N,/V\.C/e\.'C/V\,NOUN,ennemi,9
1018,148,7,.,.,246,Pnc,Pnc,,PUNCT,.,9
1019,149,1,or,or,247,Adv,Adv,/V\,ADV,or,8
1020,149,2,ca,ca,247,Adv,Adv,C/V\,ADV,çà,9
1021,149,3,",",",",247,Pnc,Pnc,,PUNCT,",",9
1022,149,4,truant,truant,247,Adj,Adj,C/V\.'C/V\,VERB,truand,2
1023,149,5,",",",",247,Pnc,Pnc,,PUNCT,",",9
1024,149,6,vous,vous,247,Prn,Prn$,C/V\,PRON,vous,8
1025,149,7,en,en,247,Prn,Prn$$,/V\,PRON,en,3
1026,149,8,venrrez,venrrez,247,Vfin,Vfin,C/V\.'C/V\,VERB,venir,9
1027,149,9,!,!,247,Pnc,Pnc,,PUNCT,!,3
1028,150,1,par,par,248,Pre,Pre,C/V\,ADP,par,8
1029,150,2,le,le,248,Det,Det,C/(e)\,DET,le,8
1030,150,3,grant,grant,248,Adj,Adj,C/V\,ADJ,grand,8
1031,150,4,dieu,dieu,248,N,N,C/V\,NOUN,dieu,8
1032,150,5,n',n',248,Neg,Neg$$,C/\,ADV,ne,8
1033,150,6,eschaperez,eschaperez,248,Vfin,Vfin,/V\.C/V\.C/e\.'C/V\,VERB,échapper,9
1034,150,7,!,!,248,Pnc,Pnc,,PUNCT,!,3
1035,151,1,fuiez,fuiez,249,Vfin,Vfin,C/V\.'C/V\,VERB,fuir,8
1036,151,2,de,de,249,Pre,Pre,C/(e)\,ADP,de,8
1037,151,3,ci,ci,249,Adv,Adv,C/V\,ADV,ci,8
1038,151,4,",",",",249,Pnc,Pnc,,PUNCT,",",9
1039,151,5,mauvese,mauvese,249,Adj,Adj,C/V\.'C/V\.C/(e)\,ADJ,mauvais,9
1040,151,6,gent,gent,249,N,N,C/V\,NOUN,gent,3
1041,151,7,",",",",249,Pnc,Pnc,,PUNCT,",",9
1042,152,1,car,car,250,Crd,Crd,C/V\,CCONJ,car,8
1043,152,2,de,de,250,Pre,Pre,C/(e)\,ADP,de,8
1044,152,3,ceste,ceste,250,Dem,Dem,'C/V\.C/(e)\,DET,cist,3
1045,152,4,espee,espee,250,N,N,/V\.'C/V\./(e)\,NOUN,épée,3
1046,152,5,tranchant,tranchant,250,Vprs,Vprs,C/V\.'C/V\,VERB,trancher,8
1047,153,1,le,le,251,Det,Det,C/(e)\,DET,le,8
1048,153,2,mien,mien,251,Adj,Adj,C/V\,ADJ,mien,8
1049,153,3,seigneur,seigneur,251,N,N,C/V\.'C/V\,NOUN,seigneur,8
1050,153,4,delivrerai,delivrerai,251,Vfin,Vfin,C/V\.C/V\.C/e\.'C/V\,VERB,délivrer,9
1051,154,1,et,et,252,Crd,Crd,/V\,CCONJ,et,8
1052,154,2,vos,vos,252,Det,Det,C/V\,DET,votre,8
1053,154,3,chars,chars,252,N,N,C/V\,NOUN,chair,3
1054,154,4,en,en,252,Prn,Prn$$,/V\,PRON,en,3
1055,154,5,detrancherai,detrancherai,252,Vfin,Vfin,C/V\.C/V\.C/V\.'C/V\,VERB,détrancher,9
1056,154,6,.,.,252,Pnc,Pnc,,PUNCT,.,9
1057,155,1,tien,tien,253,Vfin,Vfin,C/V\,VERB,tenir,8
1058,155,2,",",",",253,Pnc,Pnc,,PUNCT,",",9
1059,155,3,tu,tu,253,Prn,Prn,C/V\,PRON,tu,8
1060,155,4,premiers,premiers,253,Adv,Adv,C/V\.C/<V>\.'/V\,ADJ,premier,8
1061,155,5,",",",",253,Pnc,Pnc,,PUNCT,",",9
1062,155,6,ceste,ceste,253,Dem,Dem,'C/V\.C/(e)\,DET,cist,3
1063,155,7,colee,colee,253,N,N,C/V\.'C/V\./(e)\,NOUN,colée,8
1064,155,8,!,!,253,Pnc,Pnc,,PUNCT,!,3
1065,156,1,si,si,254,Adv,Adv,C/V\,ADV,si,8
1066,156,2,li,li,254,Prn,Prn$$,C/V\,PRON,li,11
1067,156,3,a,a,254,Vfin,Vfin,/V\,VERB,avoir,3
1068,156,4,l',l',254,Det,Det,C/\,DET,le,8
1069,156,5,oreille,oreille,254,N,N,/V\.'C/V\.C/(e)\,NOUN,oreille,3
1070,156,6,tranchiee,tranchiee,254,Vpp,Vpp,C/V\.'C/V\./(e)\,VERB,trancher,8
1071,156,7,!,!,254,Pnc,Pnc,,PUNCT,!,3
1072,157,1,seigneurs,seigneurs,255,N,N,C/V\.'C/V\,NOUN,seigneur,9
1073,157,2,juis,juis,255,N,N,C/V\.'C/V\,ADV,juis,-10
1074,157,3,",",",",255,Pnc,Pnc,,PUNCT,",",9
1075,157,4,veez,veez,255,Vfin,Vfin,C/(V)\.'/V\,VERB,voir,3
1076,157,5,ci,ci,255,Adv,Adv,C/V\,ADV,ci,8
1077,157,6,mervelle,mervelle,255,N,N,C/V\.'C/V\.C/(e)\,NOUN,merveille,8
1078,157,7,!,!,255,Pnc,Pnc,,PUNCT,!,3
1079,158,1,se,se,256,Sub,Sub,C/(e)\,SCONJ,si,3
1080,158,2,truant,truant,256,Adj,Adj,C/V\.'C/V\,VERB,truand,2
1081,158,3,m',m',256,Prn,Prn$$,C/\,PRON,je,3
1082,158,4,a,a,256,Vfin,Vfin,/V\,VERB,avoir,3
1083,158,5,couppé,couppé,256,Vpp,Vpp,C/V\.'C/V\,VERB,couper,9
1084,158,6,l',l',256,Det,Det,C/\,DET,le,8
1085,158,7,oreille,oreille,256,N,N,/V\.'C/V\.C/(e)\,NOUN,oreille,3
1086,158,8,.,.,256,Pnc,Pnc,,PUNCT,.,9
1087,159,1,veez,veez,257,Vfin,Vfin,C/(V)\.'/V\,VERB,voir,3
1088,159,2,com,com,257,Sub,Sub,C/V\,SCONJ,comme,8
1089,159,3,la,la,257,Det,Det,C/V\,DET,le,3
1090,159,4,face,face,257,N,N,'C/V\.C/(e)\,NOUN,face,3
1091,159,5,m',m',257,Prn,Prn$$,C/\,PRON,je,3
1092,159,6,en,en,257,Prn,Prn$$,/V\,PRON,en,3
1093,159,7,seigne,seigne,257,Vfin,Vfin,'C/V\.C/(e)\,VERB,signer,9
1094,159,8,",",",",257,Pnc,Pnc,,PUNCT,",",9
1095,160,1,je,je,258,Prn,Prn$,C/(e)\,PRON,je,9
1096,160,2,en,en,258,Prn,Prn$$,/V\,PRON,en,3
1097,160,3,reporterai,reporterai,258,Vfin,Vfin,C/V\.C/V\.C/e\.'C/V\,VERB,reporter,9
1098,160,4,rouge,rouge,258,Adj,Adj,'C/V\.C/(e)\,ADJ,rouge,8
1099,160,5,enseigne,enseigne,258,N,N,/V\.'C/V\.C/(e)\,NOUN,enseigne,8
1100,160,6,.,.,258,Pnc,Pnc,,PUNCT,.,9
1101,161,1,petron,petron,259,N,N,C/V\.'C/V\,NOUN,petitron,-10
1102,161,2,",",",",259,Pnc,Pnc,,PUNCT,",",9
1103,161,3,biaus,biaus,259,Adj,Adj,C/V\,ADJ,beau,9
1104,161,4,dous,dous,259,Adj,Adj,C/V\,ADJ,doux,8
1105,161,5,amis,amis,259,N,N,/V\.'C/V\,NOUN,ami,3
1106,161,6,",",",",259,Pnc,Pnc,,PUNCT,",",9
1107,161,7,ne,ne,259,Neg,Neg$$,C/(e)\,ADV,ne,8
1108,161,8,fere,fere,259,Vinf,Vinf,'C/V\.C/(e)\,VERB,faire,3
1109,161,9,!,!,259,Pnc,Pnc,,PUNCT,!,3
1110,162,1,veus,veus,260,Vfin,Vfin,C/V\,VERB,vouloir,3
1111,162,2,tu,tu,260,Prn,Prn%,C/V\,PRON,tu,8
1112,162,3,a,a,260,Pre,Pre,/V\,ADP,à,3
1113,162,4,ton,ton,260,Det,Det,C/V\,DET,ton,8
1114,162,5,seigneur,seigneur,260,N,N,C/V\.'C/V\,NOUN,seigneur,8
1115,162,6,desplere,desplere,260,Vinf,Vinf,C/V\.'C/V\.C/(e)\,VERB,déplaire,9
1116,162,7,?,?,260,Pnc,Pnc,,PUNCT,?,9
1117,163,1,qui,qui,261,Qux,Qux,C/V\,PRON,qui,3
1118,163,2,de,de,261,Pre,Pre,C/(e)\,ADP,de,8
1119,163,3,glaive,glaive,261,N,N,'C/V\.C/(e)\,NOUN,glaive,9
1120,163,4,ferra,ferra,261,Vfin,Vfin,C/V\.'C/V\,VERB,férir,3
1121,163,5,autrui,autrui,261,Adj,Adj,/V\.'C/V\,PRON,autrui,3
1122,163,6,",",",",261,Pnc,Pnc,,PUNCT,",",9
1123,164,1,a,a,262,Pre,Pre,/V\,ADP,à,3
1124,164,2,glaive,glaive,262,N,N,'C/V\.C/(e)\,NOUN,glaive,9
1125,164,3,ira,ira,262,Vfin,Vfin,/V\.'C/V\,VERB,aller,8
1126,164,4,le,le,262,Det,Det,C/(e)\,DET,le,8
1127,164,5,cors,cors,262,N,N,C/V\,NOUN,corps,3
1128,164,6,de,de,262,Pre,Pre,C/(e)\,ADP,de,8
1129,164,7,lui,lui,262,Prn,Prn,C/V\,PRON,lui,3
1130,164,8,.,.,262,Pnc,Pnc,,PUNCT,.,9
1131,165,1,je,je,263,Prn,Prn$,C/(e)\,PRON,je,9
1132,165,2,n',n',263,Neg,Neg$$,C/\,ADV,ne,8
1133,165,3,ai,ai,263,Vfin,Vfin,/V\,VERB,avoir,8
1134,165,4,cure,cure,263,N,N,'C/V\.C/(e)\,NOUN,cure,3
1135,165,5,de,de,263,Pre,Pre,C/(e)\,ADP,de,8
1136,165,6,moy,moy,263,Prn,Prn$,C/V\,PRON,moi,3
1137,165,7,deffendre,deffendre,263,Vinf,Vinf,C/V\.'C/V\.C/(e)\,VERB,défendre,9
1138,165,8,",",",",263,Pnc,Pnc,,PUNCT,",",9
1139,166,1,de,de,264,Pre,Pre,C/(e)\,ADP,de,8
1140,166,2,mon,mon,264,Det,Det,C/V\,DET,mon,8
1141,166,3,gré,gré,264,N,N,C/V\,NOUN,malgré,3
1142,166,4,veil,veil,264,Vfin,Vfin,C/V\,VERB,vouloir,3
1143,166,5,en,en,264,Pre,Pre,/V\,ADP,en,3
1144,166,6,la,la,264,Det,Det,C/V\,DET,le,3
1145,166,7,croiz,croiz,264,N,N,C/V\,NOUN,croix,8
1146,166,8,pendre,pendre,264,Vinf,Vinf,'C/V\.C/(e)\,VERB,pendre,9
1147,166,9,.,.,264,Pnc,Pnc,,PUNCT,.,9
1148,167,1,j',j',265,Prn,Prn$,C/\,PRON,je,9
1149,167,2,avroie,avroie,265,Vfin,Vfin,/V\.'C/V\./(e)\,VERB,avoir,9
1150,167,3,assés,assés,265,Adv,Adv,/V\.'C/V\,ADV,assez,8
1151,167,4,deffendement,deffendement,265,N,N,C/V\.C/V\.C/e\.'C/V\,NOUN,défendement,9
1152,167,5,",",",",265,Pnc,Pnc,,PUNCT,",",9
1153,168,1,anges,anges,266,N,N,'/V\.C/e\,NOUN,ange,9
1154,168,2,a,a,266,Pre,Pre,/V\,ADP,à,3
1155,168,3,miliers,miliers,266,N,N,C/V\.'C/V\,NOUN,millier,9
1156,168,4,et,et,266,Crd,Crd,/V\,CCONJ,et,8
1157,168,5,a,a,266,Pre,Pre,/V\,ADP,à,3
1158,168,6,cent,cent,266,QIs,QIs,C/V\,NUM,cent,8
1159,168,7,",",",",266,Pnc,Pnc,,PUNCT,",",9
1160,169,1,se,se,267,Sub,Sub,C/(e)\,SCONJ,si,3
1161,169,2,je,je,267,Prn,Prn$,C/(e)\,PRON,je,9
1162,169,3,voloie,voloie,267,Vfin,Vfin,C/V\.'C/V\./(e)\,VERB,vouloir,3
1163,169,4,",",",",267,Pnc,Pnc,,PUNCT,",",9
1164,169,5,mais,mais,267,Crd,Crd,C/V\,CCONJ,mais,8
1165,169,6,ne,ne,267,Neg,Neg$$,C/(e)\,ADV,ne,8
1166,169,7,veil,veil,267,Vfin,Vfin,C/V\,VERB,vouloir,3
1167,169,8,.,.,267,Pnc,Pnc,,PUNCT,.,9
1168,170,1,la,la,268,Det,Det,C/V\,DET,le,3
1169,170,2,mort,mort,268,N,N,C/V\,NOUN,mort,3
1170,170,3,sofferai,sofferai,268,Vfin,Vfin,C/V\.C/V\.'C/V\,VERB,souffrir,0
1171,170,4,sans,sans,268,Pre,Pre,C/V\,ADP,sans,8
1172,170,5,orgueil,orgueil,268,N,N,/V\.'C/V\,NOUN,orgueil,9
1173,170,6,.,.,268,Pnc,Pnc,,PUNCT,.,9
1174,171,1,reboute,reboute,269,Vfin,Vfin,C/V\.'C/V\.C/(e)\,VERB,rebouter,9
1175,171,2,t',t',269,Det,Det,C/\,DET,ton,8
1176,171,3,espee,espee,269,N,N,/V\.'C/V\./(e)\,NOUN,épée,3
1177,171,4,en,en,269,Pre,Pre,/V\,ADP,en,3
1178,171,5,ton,ton,269,Det,Det,C/V\,DET,ton,8
1179,171,6,fuerre,fuerre,269,N,N,'C/V\.C/(e)\,NOUN,fuerre,3
1180,171,7,.,.,269,Pnc,Pnc,,PUNCT,.,9
1181,172,1,je,je,270,Prn,Prn$,C/(e)\,PRON,je,9
1182,172,2,n',n',270,Neg,Neg$$,C/\,ADV,ne,8
1183,172,3,ai,ai,270,Vfin,Vfin,/V\,VERB,avoir,8
1184,172,4,cure,cure,270,N,N,'C/V\.C/(e)\,NOUN,cure,3
1185,172,5,de,de,270,Pre,Pre,C/(e)\,ADP,de,8
1186,172,6,tele,tele,270,Adj,Adj,'C/V\.C/(e)\,DET,tel,8
1187,172,7,euvre,euvre,270,N,N,'/V\.C/(e)\,NOUN,oeuvre,3
1188,172,8,.,.,270,Pnc,Pnc,,PUNCT,.,9
1189,173,1,or,or,271,Adv,Adv,/V\,ADV,or,8
1190,173,2,ca,ca,271,Adv,Adv,C/V\,ADV,çà,9
1191,173,3,",",",",271,Pnc,Pnc,,PUNCT,",",9
1192,173,4,marques,marques,271,N,N,'C/V\.C/e\,ADJ,marque,3
1193,173,5,",",",",271,Pnc,Pnc,,PUNCT,",",9
1194,173,6,si,si,271,Adv,Adv,C/V\,ADV,si,8
1195,173,7,vous,vous,271,Prn,Prn$$,C/V\,PRON,vous,8
1196,173,8,guerrai,guerrai,271,Vfin,Vfin,C/V\.'C/V\,VERB,guerroyer,0
1197,173,9,;,;,271,Pnc,Pnc,,PUNCT,;,9
1198,174,1,vostre,vostre,272,Det,Det,'C/V\.C/(e)\,DET,votre,8
1199,174,2,oreille,oreille,272,N,N,/V\.'C/V\.C/(e)\,NOUN,oreille,3
1200,174,3,vous,vous,272,Prn,Prn$$,C/V\,PRON,vous,8
1201,174,4,senerai,senerai,272,Vfin,Vfin,C/V\.C/e\.'C/V\,VERB,saner,0
1202,174,5,.,.,272,Pnc,Pnc,,PUNCT,.,9
1203,175,1,or,or,273,Adv,Adv,/V\,ADV,or,8
1204,175,2,en,en,273,Prn,Prn$$,/V\,PRON,en,3
1205,175,3,venez,venez,273,Vfin,Vfin,C/V\.'C/V\,VERB,venir,3
1206,175,4,",",",",273,Pnc,Pnc,,PUNCT,",",9
1207,175,5,sire,sire,273,N,N,'C/V\.C/(e)\,NOUN,sire,11
1208,175,6,truant,truant,273,Adj,Adj,C/V\.'C/V\,VERB,truand,2
1209,175,7,!,!,273,Pnc,Pnc,,PUNCT,!,3
1210,176,1,ja,ja,274,Adv,Adv,C/V\,ADV,jà,3
1211,176,2,pour,pour,274,Pre,Pre,C/V\,ADP,pour,9
1212,176,3,ice,ice,274,Prn,Prn,'/V\.C/(e)\,PRON,ce,11
1213,176,4,n',n',274,Neg,Neg$$,C/\,ADV,ne,8
1214,176,5,avrez,avrez,274,Vfin,Vfin,/V\.'C/V\,VERB,avoir,9
1215,176,6,garant,garant,274,N,N,C/V\.'C/V\,NOUN,garant,9
1216,176,7,.,.,274,Pnc,Pnc,,PUNCT,.,9
1217,177,1,se,se,275,Sub,Sub,C/(e)\,SCONJ,si,3
1218,177,2,m',m',275,Det,Det,C/\,DET,mon,8
1219,177,3,oreille,oreille,275,N,N,/V\.'C/V\.C/(e)\,NOUN,oreille,3
1220,177,4,m',m',275,Prn,Prn$$,C/\,PRON,je,3
1221,177,5,aviés,aviés,275,Vfin,Vfin,/V\.C/<V>\.'/V\,VERB,avoir,9
1222,177,6,garrie,garrie,275,Vpp,Vpp,C/V\.'C/V\./(e)\,VERB,guérir,3
1223,177,7,",",",",275,Pnc,Pnc,,PUNCT,",",9
1224,178,1,pour,pour,276,Pre,Pre,C/V\,ADP,pour,9
1225,178,2,ce,ce,276,Prn,Prn,C/(e)\,PRON,ce,3
1226,178,3,n',n',276,Neg,Neg$$,C/\,ADV,ne,8
1227,178,4,eschaperés,eschaperés,276,Vfin,Vfin,/V\.C/V\.C/e\.'C/V\,VERB,échapper,9
1228,178,5,vous,vous,276,Prn,Prn%,C/V\,PRON,vous,8
1229,178,6,mie,mie,276,Neg,Neg,'C/V\./(e)\,ADV,mie,8
1230,178,7,.,.,276,Pnc,Pnc,,PUNCT,.,9
1231,179,1,mout,mout,277,QIs,QIs,C/V\,ADV,moult,8
1232,179,2,saverez,saverez,277,Vfin,Vfin,C/V\.C/V\.'C/V\,VERB,savoir,3
1233,179,3,de,de,277,Pre,Pre,C/(e)\,ADP,de,8
1234,179,4,l',l',277,Det,Det,C/\,DET,le,8
1235,179,5,enchanter,enchanter,277,Vinf,Vinf,/V\.C/V\.'C/V\,VERB,enchanter,9
1236,179,6,",",",",277,Pnc,Pnc,,PUNCT,",",9
1237,180,1,se,se,278,Sub,Sub,C/(e)\,SCONJ,si,3
1238,180,2,vous,vous,278,Prn,Prn$,C/V\,PRON,vous,8
1239,180,3,m',m',278,Prn,Prn$$,C/\,PRON,je,3
1240,180,4,i,i,278,Prn,Prn$$,/V\,PRON,y,3
1241,180,5,poez,poez,278,Vfin,Vfin,C/V\.'C/V\,VERB,pouvoir,9
1242,180,6,eschaper,eschaper,278,Vinf,Vinf,/V\.C/V\.'C/V\,VERB,échapper,9
1243,180,7,.,.,278,Pnc,Pnc,,PUNCT,.,9
1244,181,1,tu,tu,279,Prn,Prn$,C/V\,PRON,tu,8
1245,181,2,diz,diz,279,Vfin,Vfin,C/V\,VERB,dire,8
1246,181,3,voir,voir,279,N,N,C/V\,ADJ,voir,3
1247,181,4,",",",",279,Pnc,Pnc,,PUNCT,",",9
1248,181,5,marques,marques,279,N,N,'C/V\.C/e\,NOUN,marque,3
1249,181,6,",",",",279,Pnc,Pnc,,PUNCT,",",9
1250,181,7,mout,mout,279,QIs,QIs,C/V\,ADV,moult,8
1251,181,8,sera,sera,279,Vfin,Vfin,C/V\.'C/V\,VERB,être,3
1252,181,9,",",",",279,Pnc,Pnc,,PUNCT,",",9
1253,182,1,quant,quant,280,Sub,Sub,C/V\,SCONJ,quand,3
1254,182,2,il,il,280,Prn,Prn,/V\,PRON,il,9
1255,182,3,de,de,280,Pre,Pre,C/(e)\,ADP,de,8
1256,182,4,vous,vous,280,Prn,Prn,C/V\,PRON,vous,8
1257,182,5,eschapera,eschapera,280,Vfin,Vfin,/V\.C/V\.C/e\.'C/V\,VERB,échapper,9
1258,182,6,.,.,280,Pnc,Pnc,,PUNCT,.,9
1259,183,1,a,a,281,Pre,Pre,/V\,ADP,à,3
1260,183,2,nostre,nostre,281,Det,Det,'C/V\.C/(e)\,DET,notre,8
1261,183,3,evesque,evesque,281,N,N,/V\.'C/V\.C/(e)\,NOUN,évêque,9
1262,183,4,le,le,281,Prn,Prn$$,C/(e)\,PRON,le,3
1263,183,5,merrons,merrons,281,Vfin,Vfin,C/V\.'C/V\,VERB,mener,9
1264,183,6,",",",",281,Pnc,Pnc,,PUNCT,",",9
1265,184,1,a,a,282,Pre,Pre,/V\,ADP,à,3
1266,184,2,cayfas,cayfas,282,N,N,C/V\.C/V\.'C/V\,NOUN,caifas,-10
1267,184,3,l',l',282,Prn,Prn$$,C/\,PRON,il,3
1268,184,4,encuserons,encuserons,282,Vfin,Vfin,/V\.C/V\.C/e\.'C/V\,VERB,encuser,0
1269,184,5,",",",",282,Pnc,Pnc,,PUNCT,",",9
1270,185,1,car,car,283,Crd,Crd,C/V\,CCONJ,car,8
1271,185,2,fuiz,fuiz,283,N,N,C/V\,VERB,fuir,8
1272,185,3,dieu,dieu,283,N,N,C/V\,PROPN,Dieu,3
1273,185,4,se,se,283,Prn,Prn$$,C/(e)\,PRON,se,3
1274,185,5,fait,fait,283,Vfin,Vfin,C/V\,VERB,faire,3
1275,185,6,apeler,apeler,283,Vinf,Vinf,/V\.C/e\.'C/V\,VERB,appeler,9
1276,185,7,;,;,283,Pnc,Pnc,,PUNCT,;,9
1277,186,1,il,il,284,Prn,Prn$,/V\,PRON,il,9
1278,186,2,le,le,284,Prn,Prn$$,C/(e)\,PRON,le,3
1279,186,3,doit,doit,284,Vfin,Vfin,C/V\,VERB,devoir,3
1280,186,4,mout,mout,284,QIs,QIs,C/V\,ADV,moult,8
1281,186,5,chier,chier,284,Adj,Adj,C/V\,ADJ,cher,8
1282,186,6,comparer,comparer,284,Vinf,Vinf,C/V\.C/V\.'C/V\,VERB,comparer,3
1283,186,7,.,.,284,Pnc,Pnc,,PUNCT,.,9
1284,187,1,caifas,caifas,285,N,N,C/V\.C/V\.'C/V\,NOUN,caifas,-10
1285,187,2,",",",",285,Pnc,Pnc,,PUNCT,",",9
1286,187,3,cil,cil,285,Dem,Dem,C/V\,PRON,cil,8
1287,187,4,qui,qui,285,Qux,Qux,C/V\,PRON,qui,3
1288,187,5,maint,maint,285,Vfin,Vfin,C/V\,VERB,mener,3
1289,187,6,en,en,285,Pre,Pre,/V\,ADP,en,3
1290,187,7,haut,haut,285,Adj,Adj,C/V\,ADJ,haut,8
1291,187,8,",",",",285,Pnc,Pnc,,PUNCT,",",9
1292,188,1,qui,qui,286,Qux,Qux,C/V\,PRON,qui,3
1293,188,2,fait,fait,286,Vfin,Vfin,C/V\,VERB,faire,3
1294,188,3,et,et,286,Crd,Crd,/V\,CCONJ,et,8
1295,188,4,le,le,286,Det,Det,C/(e)\,DET,le,8
1296,188,5,froit,froit,286,N,N,C/V\,NOUN,froid,8
1297,188,6,et,et,286,Crd,Crd,/V\,CCONJ,et,8
1298,188,7,le,le,286,Det,Det,C/(e)\,DET,le,8
1299,188,8,chaut,chaut,286,N,N,C/V\,ADJ,chaud,8
1300,188,9,",",",",286,Pnc,Pnc,,PUNCT,",",9
1301,189,1,vous,vous,287,Prn,Prn$$,C/V\,PRON,vous,8
1302,189,2,doint,doint,287,Vfin,Vfin,C/V\,VERB,donner,9
1303,189,3,joie,joie,287,N,N,'C/V\./(e)\,NOUN,joie,8
1304,189,4,toute,toute,287,QIs,QIs,'C/V\.C/(e)\,DET,tout,8
1305,189,5,vo,vo,287,Det,Det,C/V\,DET,votre,8
1306,189,6,vie,vie,287,N,N,'C/V\./(e)\,NOUN,vie,3
1307,189,7,!,!,287,Pnc,Pnc,,PUNCT,!,3
1308,190,1,biau,biau,288,Adj,Adj,C/V\,ADJ,beau,9
1309,190,2,seigneur,seigneur,288,N,N,C/V\.'C/V\,NOUN,seigneur,8
1310,190,3,",",",",288,Pnc,Pnc,,PUNCT,",",9
1311,190,4,diex,diex,288,N,N,C/V\,PROPN,Dieu,3
1312,190,5,vous,vous,288,Prn,Prn$$,C/V\,PRON,vous,8
1313,190,6,beneie,beneie,288,Vfin,Vfin,C/V\.C/(V)\.'/V\./(e)\,VERB,bénir,9
1314,190,7,!,!,288,Pnc,Pnc,,PUNCT,!,3
1315,191,1,quiex,quiex,289,Qux,Qux,C/V\,DET,quel,8
1316,191,2,gens,gens,289,N,N,C/V\,NOUN,gent,11
1317,191,3,sont,sont,289,Vfin,Vfin,C/V\,VERB,être,8
1318,191,4,ce,ce,289,Prn,Prn,C/(e)\,PRON,ce,3
1319,191,5,que,que,289,Qux,Qux,C/(e)\,PRON,que,8
1320,191,6,vous,vous,289,Prn,Prn$,C/V\,PRON,vous,8
1321,191,7,menez,menez,289,Vfin,Vfin,C/V\.'C/V\,VERB,mener,3
1322,192,1,que,que,290,Qux,Qux,C/(e)\,PRON,que,8
1323,192,2,je,je,290,Prn,Prn$,C/(e)\,PRON,je,9
1324,192,3,voi,voi,290,Vfin,Vfin,C/V\,VERB,voir,3
1325,192,4,si,si,290,Adv,Adv,C/V\,ADV,si,8
1326,192,5,forment,forment,290,Adv,Adv,C/V\.'C/V\,ADV,fortement,8
1327,192,6,armez,armez,290,Vpp,Vpp,/V\.'C/V\,VERB,armer,8
1328,192,7,?,?,290,Pnc,Pnc,,PUNCT,?,9
1329,193,1,et,et,291,Crd,Crd,/V\,CCONJ,et,8
1330,193,2,qui,qui,291,Qux,Qux,C/V\,PRON,qui,3
1331,193,3,est,est,291,Vfin,Vfin,/V\,VERB,être,3
1332,193,4,cil,cil,291,Dem,Dem,C/V\,PRON,cil,8
1333,193,5,qui,qui,291,Qux,Qux,C/V\,PRON,qui,3
1334,193,6,est,est,291,Vfin,Vfin,/V\,VERB,être,3
1335,193,7,entr',entr',291,PrA,PrA,/V\,ADP,entre,8
1336,193,8,aus,aus,291,Prn,Prn,/V\,PRON,il,3
1337,194,1,qui,qui,292,Qux,Qux,C/V\,PRON,qui,3
1338,194,2,de,de,292,Pre,Pre,C/(e)\,ADP,de,8
1339,194,3,grandeur,grandeur,292,N,N,C/V\.'C/V\,NOUN,grandeur,9
1340,194,4,est,est,292,Vfin,Vfin,/V\,VERB,être,3
1341,194,5,li,li,292,Prn,Prn%%,C/V\,DET,le,3
1342,194,6,plus,plus,292,Adv,Adv,C/V\,ADV,plus,8
1343,194,7,haut,haut,292,Adj,Adj,C/V\,ADJ,haut,8
1344,195,1,et,et,293,Crd,Crd,/V\,CCONJ,et,8
1345,195,2,li,li,293,Det,Det,C/V\,DET,le,3
1346,195,3,plus,plus,293,Adv,Adv,C/V\,ADV,plus,8
1347,195,4,juene,juene,293,Adj,Adj,'C/V\.C/(e)\,ADJ,jeune,8
1348,195,5,",",",",293,Pnc,Pnc,,PUNCT,",",9
1349,195,6,ce,ce,293,Prn,Prn,C/(e)\,PRON,ce,3
1350,195,7,me,me,293,Prn,Prn$$,C/(e)\,PRON,je,3
1351,195,8,semble,semble,293,Vfin,Vfin,'C/V\.C/(e)\,VERB,sembler,8
1352,195,9,?,?,293,Pnc,Pnc,,PUNCT,?,9
1353,196,1,a,a,294,Pre,Pre,/V\,ADP,à,3
1354,196,2,tele,tele,294,Adj,Adj,'C/V\.C/(e)\,DET,tel,8
1355,196,3,hore,hore,294,N,N,'/V\.C/(e)\,NOUN,heure,8
1356,196,4,qu',qu',294,Sub,Sub,C/\,PRON,que,3
1357,196,5,alez,alez,294,Vfin,Vfin,/V\.'C/V\,VERB,aller,8
1358,196,6,ensemble,ensemble,294,Adv,Adv,/V\.'C/V\.C/(e)\,ADV,ensemble,8
1359,196,7,?,?,294,Pnc,Pnc,,PUNCT,?,9
1360,197,1,pour,pour,295,Pre,Pre,C/V\,ADP,pour,9
1361,197,2,quel,quel,295,Qux,Qux,C/V\,DET,quel,8
1362,197,3,besoing,besoing,295,N,N,C/V\.'C/V\,NOUN,besoin,9
1363,197,4,venites,venites,295,Vfin,Vfin,C/V\.'C/V\.C/e\,VERB,venir,9
1364,197,5,ci,ci,295,Adv,Adv,C/V\,ADV,ci,8
1365,197,6,?,?,295,Pnc,Pnc,,PUNCT,?,9
1366,198,1,dites,dites,296,Vfin,Vfin,'C/V\.C/e\,VERB,dire,8
1367,198,2,le,le,296,Prn,Prn%%,C/(e)\,PRON,le,3
1368,198,3,moy,moy,296,Prn,Prn,C/V\,PRON,moi,3
1369,198,4,",",",",296,Pnc,Pnc,,PUNCT,",",9
1370,198,5,je,je,296,Prn,Prn$,C/(e)\,PRON,je,9
1371,198,6,vous,vous,296,Prn,Prn$$,C/V\,PRON,vous,8
1372,198,7,en,en,296,Prn,Prn$$,/V\,PRON,en,3
1373,198,8,pri,pri,296,Vfin,Vfin,C/V\,VERB,prier,3
1374,198,9,.,.,296,Pnc,Pnc,,PUNCT,.,9
1375,199,1,nous,nous,297,Prn,Prn$,C/V\,PRON,nous,8
1376,199,2,vous,vous,297,Prn,Prn$$,C/V\,PRON,vous,8
1377,199,3,amenons,amenons,297,Vfin,Vfin,/V\.C/e\.'C/V\,VERB,amener,9
1378,199,4,un,un,297,QIs,QIs,/V\,DET,un,3
1379,199,5,truant,truant,297,Adj,Adj,C/V\.'C/V\,NOUN,truand,6
1380,200,1,qui,qui,298,Qux,Qux,C/V\,PRON,qui,3
1381,200,2,va,va,298,Vfin,Vfin,C/V\,VERB,aller,9
1382,200,3,par,par,298,Pre,Pre,C/V\,ADP,par,8
1383,200,4,le,le,298,Det,Det,C/(e)\,DET,le,8
1384,200,5,païs,païs,298,N,N,C/V\.'C/V\,NOUN,pays,9
1385,200,6,preeschant,preeschant,298,Vprs,Vprs,C/V\.'C/V\,VERB,prêcher,9
1386,201,1,la,la,299,Det,Det,C/V\,ADV,là,8
1387,201,2,ou,ou,299,Qux,Qux,/V\,PRON,où,8
1388,201,3,lazarum,lazarum,299,N,N,C/V\.'C/V\.C/e\,NOUN,lasaron,-10
1389,201,4,resuscita,resuscita,299,Vfin,Vfin,C/V\.C/V\.C/V\.'C/V\,VERB,ressusciter,9
1390,201,5,",",",",299,Pnc,Pnc,,PUNCT,",",9
1391,202,1,et,et,300,Crd,Crd,/V\,CCONJ,et,8
1392,202,2,est,est,300,Vfin,Vfin,/V\,VERB,être,3
1393,202,3,cil,cil,300,Dem,Dem,C/V\,PRON,cil,8
1394,202,4,",",",",300,Pnc,Pnc,,PUNCT,",",9
1395,202,5,sire,sire,300,N,N,'C/V\.C/(e)\,NOUN,sire,11
1396,202,6,",",",",300,Pnc,Pnc,,PUNCT,",",9
1397,202,7,que,que,300,Qux,Qux,C/(e)\,PRON,que,8
1398,202,8,dit,dit,300,Vpp,Vpp,C/V\,VERB,dire,8
1399,202,9,a,a,300,Vfin,Vfin,/V\,ADP,à,3
1400,203,1,que,que,301,Sub,Sub,C/(e)\,SCONJ,que,3
1401,203,2,nostre,nostre,301,Det,Det,'C/V\.C/(e)\,DET,notre,8
1402,203,3,temple,temple,301,N,N,'C/V\.C/(e)\,NOUN,temple,3
1403,203,4,il,il,301,Prn,Prn$,/V\,PRON,il,9
1404,203,5,abatra,abatra,301,Vfin,Vfin,/V\.C/V\.'C/V\,VERB,abattre,9
1405,204,1,et,et,302,Crd,Crd,/V\,CCONJ,et,8
1406,204,2,en,en,302,Pre,Pre,/V\,ADP,en,3
1407,204,3,trois,trois,302,QIs,QIs,C/V\,NUM,trois,8
1408,204,4,jourz,jourz,302,N,N,C/V\,NOUN,jour,9
1409,204,5,le,le,302,Prn,Prn$$,C/(e)\,PRON,le,3
1410,204,6,refera,refera,302,Vfin,Vfin,C/V\.C/V\.'C/V\,VERB,refaire,3
1411,205,1,de,de,303,Pre,Pre,C/(e)\,ADP,de,8
1412,205,2,male,male,303,Adj,Adj,'C/V\.C/(e)\,ADJ,mal,3
1413,205,3,eure,eure,303,N,N,'/V\.C/(e)\,NOUN,heure,8
1414,205,4,soit,soit,303,Vfin,Vfin,C/V\,VERB,être,3
1415,205,5,si,si,303,Adv,Adv,C/V\,ADV,si,8
1416,205,6,poissant,poissant,303,Adj,Adj,C/V\.'C/V\,ADJ,puissant,8
1417,205,7,!,!,303,Pnc,Pnc,,PUNCT,!,3
1418,206,1,salemons,salemons,304,N,N,C/V\.C/e\.'C/V\,NOUN,Salomon,2
1419,206,2,i,i,304,Prn,Prn$$,/V\,PRON,y,3
1420,206,3,mit,mit,304,Vfin,Vfin,C/V\,VERB,mettre,9
1421,206,4,quarante,quarante,304,QIs,QIs,C/V\.'C/V\.C/(e)\,NUM,quarante,3
1422,206,5,ans,ans,304,N,N,/V\,NOUN,an,9
1423,206,6,.,.,304,Pnc,Pnc,,PUNCT,.,9
1424,207,1,je,je,305,Prn,Prn$,C/(e)\,PRON,je,9
1425,207,2,vous,vous,305,Prn,Prn$$,C/V\,PRON,vous,8
1426,207,3,di,di,305,Vfin,Vfin,C/V\,VERB,dire,8
1427,207,4,",",",",305,Pnc,Pnc,,PUNCT,",",9
1428,207,5,sire,sire,305,N,N,'C/V\.C/(e)\,NOUN,sire,11
1429,207,6,",",",",305,Pnc,Pnc,,PUNCT,",",9
1430,207,7,creez,creez,305,Vfin,Vfin,C/V\.'C/V\,VERB,croire,3
1431,207,8,moy,moy,305,Prn,Prn%%,C/V\,PRON,moi,3
1432,207,9,",",",",305,Pnc,Pnc,,PUNCT,",",9
1433,208,1,s',s',306,Sub,Sub,C/\,SCONJ,si,3
1434,208,2,il,il,306,Prn,Prn$,/V\,PRON,il,9
1435,208,3,vit,vit,306,Vfin,Vfin,C/V\,VERB,voir,3
1436,208,4,",",",",306,Pnc,Pnc,,PUNCT,",",9
1437,208,5,il,il,306,Prn,Prn$,/V\,PRON,il,9
1438,208,6,destruira,destruira,306,Vfin,Vfin,C/V\.C/V\.'C/V\,VERB,détruire,9
1439,208,7,la,la,306,Det,Det,C/V\,DET,le,3
1440,208,8,loy,loy,306,N,N,C/V\,NOUN,loi,8
1441,208,9,.,.,306,Pnc,Pnc,,PUNCT,.,9
1442,209,1,pour,pour,307,Pre,Pre,C/V\,ADP,pour,9
1443,209,2,ce,ce,307,Prn,Prn,C/(e)\,PRON,ce,3
1444,209,3,est,est,307,Vfin,Vfin,/V\,VERB,être,3
1445,209,4,drois,drois,307,Adj,Adj,C/V\,ADJ,droit,8
1446,209,5,que,que,307,Sub,Sub,C/(e)\,SCONJ,que,3
1447,209,6,on,on,307,Prn,Prn$,/V\,PRON,on,3
1448,209,7,l',l',307,Prn,Prn$$,C/\,PRON,il,3
1449,209,8,ocie,ocie,307,Vfin,Vfin,/V\.'C/V\./(e)\,VERB,occire,9
1450,209,9,",",",",307,Pnc,Pnc,,PUNCT,",",9
1451,210,1,que,que,308,Sub,Sub,C/(e)\,SCONJ,que,3
1452,210,2,la,la,308,Det,Det,C/V\,DET,le,3
1453,210,3,loy,loy,308,N,N,C/V\,NOUN,loi,8
1454,210,4,n',n',308,Neg,Neg$$,C/\,ADV,ne,8
1455,210,5,en,en,308,Prn,Prn$$,/V\,PRON,en,3
1456,210,6,soit,soit,308,Vfin,Vfin,C/V\,VERB,être,3
1457,210,7,abessiee,abessiee,308,Vpp,Vpp,/V\.C/V\.'C/V\./(e)\,VERB,abaisser,9
1458,210,8,.,.,308,Pnc,Pnc,,PUNCT,.,9
1459,211,1,seigneurs,seigneurs,309,N,N,C/V\.'C/V\,NOUN,seigneur,9
1460,211,2,",",",",309,Pnc,Pnc,,PUNCT,",",9
1461,211,3,ce,ce,309,Prn,Prn,C/(e)\,PRON,ce,3
1462,211,4,ne,ne,309,Neg,Neg$$,C/(e)\,ADV,ne,8
1463,211,5,ferons,ferons,309,Vfin,Vfin,C/V\.'C/V\,VERB,faire,3
1464,211,6,nous,nous,309,Prn,Prn%,C/V\,PRON,nous,8
1465,211,7,mie,mie,309,Neg,Neg,'C/V\./(e)\,ADV,mie,8
1466,211,8,",",",",309,Pnc,Pnc,,PUNCT,",",9
1467,212,1,ne,ne,310,Crd,Crd,C/(e)\,CCONJ,ne,8
1468,212,2,que,que,310,Sub,Sub,C/(e)\,SCONJ,que,3
1469,212,3,nul,nul,310,QIs,QIs,C/V\,PRON,nul,8
1470,212,4,de,de,310,Pre,Pre,C/(e)\,ADP,de,8
1471,212,5,nous,nous,310,Prn,Prn,C/V\,PRON,nous,8
1472,212,6,l',l',310,Prn,Prn$$,C/\,PRON,il,3
1473,212,7,ocie,ocie,310,Vfin,Vfin,/V\.'C/V\./(e)\,VERB,occire,9
1474,212,8,;,;,310,Pnc,Pnc,,PUNCT,;,9
1475,213,1,mais,mais,311,Crd,Crd,C/V\,CCONJ,mais,8
1476,213,2,plus,plus,311,Adv,Adv,C/V\,ADV,plus,8
1477,213,3,sajement,sajement,311,Adv,Adv,C/V\.C/e\.'C/V\,ADV,sagement,9
1478,213,4,le,le,311,Prn,Prn$$,C/(e)\,PRON,le,3
1479,213,5,ferons,ferons,311,Vfin,Vfin,C/V\.'C/V\,VERB,faire,3
1480,213,6,:,:,311,Pnc,Pnc,,PUNCT,:,9
1481,214,1,a,a,312,Pre,Pre,/V\,ADP,à,3
1482,214,2,pilate,pilate,312,N,N,C/V\.'C/V\.C/(e)\,NOUN,Pilate,2
1483,214,3,nous,nous,312,Prn,Prn$$,C/V\,PRON,nous,8
1484,214,4,le,le,312,Prn,Prn$$,C/(e)\,PRON,le,3
1485,214,5,merrons,merrons,312,Vfin,Vfin,C/V\.'C/V\,VERB,mener,9
1486,215,1,et,et,313,Crd,Crd,/V\,CCONJ,et,8
1487,215,2,sus,sus,313,PrA,PrA,C/V\,ADV,sus,8
1488,215,3,lui,lui,313,Prn,Prn,C/V\,PRON,lui,3
1489,215,4,metrons,metrons,313,Vfin,Vfin,C/V\.'C/V\,VERB,mettre,9
1490,215,5,tel,tel,313,Adj,Adj,C/V\,DET,tel,8
1491,215,6,tort,tort,313,N,N,C/V\,NOUN,tort,8
1492,215,7,",",",",313,Pnc,Pnc,,PUNCT,",",9
1493,216,1,bien,bien,314,Adv,Adv,C/V\,ADV,bien,8
1494,216,2,il,il,314,Prn,Prn$,/V\,PRON,il,9
1495,216,3,deservira,deservira,314,Vfin,Vfin,C/V\.C/V\.C/V\.'C/V\,VERB,desservir,9
1496,216,4,la,la,314,Det,Det,C/V\,DET,le,3
1497,216,5,mort,mort,314,N,N,C/V\,NOUN,mort,3
1498,216,6,.,.,314,Pnc,Pnc,,PUNCT,.,9
1499,217,1,ore,ore,315,Adv,Adv,'/V\.C/(e)\,ADV,or,8
1500,217,2,alons,alons,315,Vfin,Vfin,/V\.'C/V\,VERB,aller,9
1501,217,3,tuit,tuit,315,QIs,QIs,C/V\,PRON,tout,3
1502,217,4,tout,tout,315,QIs,QIs,C/V\,ADV,tout,8
1503,217,5,maintenant,maintenant,315,Adv,Adv,C/V\.C/e\.'C/V\,ADV,maintenant,8
1504,218,1,et,et,316,Crd,Crd,/V\,CCONJ,et,8
1505,218,2,je,je,316,Prn,Prn$,C/(e)\,PRON,je,9
1506,218,3,l',l',316,Prn,Prn$$,C/\,PRON,il,3
1507,218,4,encourperai,encourperai,316,Vfin,Vfin,/V\.C/V\.C/e\.'C/V\,VERB,encourpre,-10
1508,218,5,forment,forment,316,Adv,Adv,C/V\.'C/V\,ADV,fortement,8
1509,218,6,.,.,316,Pnc,Pnc,,PUNCT,.,9
1510,219,1,bien,bien,317,Adv,Adv,C/V\,ADV,bien,8
1511,219,2,en,en,317,Prn,Prn$$,/V\,PRON,en,3
1512,219,3,serai,serai,317,Vfin,Vfin,C/V\.'C/V\,VERB,être,3
1513,219,4,creu,creu,317,Vpp,Vpp,C/(V)\.'/V\,VERB,croire,3
1514,219,5,",",",",317,Pnc,Pnc,,PUNCT,",",9
1515,219,6,ce,ce,317,Prn,Prn,C/(e)\,PRON,ce,3
1516,219,7,croy,croy,317,Vfin,Vfin,C/V\,VERB,croire,9
1517,219,8,",",",",317,Pnc,Pnc,,PUNCT,",",9
1518,220,1,que,que,318,Crd,Crd,C/(e)\,SCONJ,que,3
1519,220,2,je,je,318,Prn,Prn$,C/(e)\,PRON,je,9
1520,220,3,sui,sui,318,Vfin,Vfin,C/V\,VERB,être,3
1521,220,4,maitres,maitres,318,N,N,'C/V\.C/e\,NOUN,maître,9
1522,220,5,de,de,318,Pre,Pre,C/(e)\,ADP,de,8
1523,220,6,la,la,318,Det,Det,C/V\,DET,le,3
1524,220,7,loy,loy,318,N,N,C/V\,NOUN,loi,8
1525,220,8,.,.,318,Pnc,Pnc,,PUNCT,.,9
1526,221,1,sire,sire,319,N,N,'C/V\.C/(e)\,NOUN,sire,11
1527,221,2,pilates,pilates,319,N,N,C/V\.'C/V\.C/e\,ADJ,pilate,-10
1528,221,3,",",",",319,Pnc,Pnc,,PUNCT,",",9
1529,221,4,biax,biax,319,Adj,Adj,C/V\,ADJ,beau,9
1530,221,5,amis,amis,319,N,N,/V\.'C/V\,NOUN,ami,3
1531,221,6,",",",",319,Pnc,Pnc,,PUNCT,",",9
1532,222,1,ci,ci,320,Adv,Adv,C/V\,ADV,ci,8
1533,222,2,androit,androit,320,PrA,PrA,/V\.'C/V\,ADV,endroit,8
1534,222,3,vous,vous,320,Prn,Prn,C/V\,PRON,vous,8
1535,222,4,amenons,amenons,320,Vfin,Vfin,/V\.C/e\.'C/V\,VERB,amener,9
1536,222,5,pris,pris,320,Vpp,Vpp,C/V\,VERB,prendre,3
1537,223,1,un,un,321,QIs,QIs,/V\,DET,un,3
1538,223,2,ypocrite,ypocrite,321,Adj,Adj,/V\.C/V\.'C/V\.C/(e)\,NOUN,hypocrite,9
1539,223,3,",",",",321,Pnc,Pnc,,PUNCT,",",9
1540,223,4,un,un,321,QIs,QIs,/V\,DET,un,3
1541,223,5,tricheor,tricheor,321,N,N,C/V\.C/(V)\.'/V\,NOUN,tricheur,8
1542,223,6,",",",",321,Pnc,Pnc,,PUNCT,",",9
1543,224,1,un,un,322,QIs,QIs,/V\,DET,un,3
1544,224,2,desloyal,desloyal,322,Adj,Adj,C/V\.C/V\.'C/V\,NOUN,déloyal,4
1545,224,3,",",",",322,Pnc,Pnc,,PUNCT,",",9
1546,224,4,un,un,322,QIs,QIs,/V\,DET,un,3
1547,224,5,traiteur,traiteur,322,N,N,C/V\.C/V\.'C/V\,NOUN,traiteur,3
1548,224,6,",",",",322,Pnc,Pnc,,PUNCT,",",9
1549,225,1,qui,qui,323,Qux,Qux,C/V\,PRON,qui,3
1550,225,2,par,par,323,Pre,Pre,C/V\,ADP,par,8
1551,225,3,le,le,323,Det,Det,C/(e)\,DET,le,8
1552,225,4,païs,païs,323,N,N,C/V\.'C/V\,NOUN,pays,9
1553,225,5,va,va,323,Vfin,Vfin,C/V\,VERB,aller,9
1554,225,6,preeschant,preeschant,323,Vprs,Vprs,C/V\.'C/V\,VERB,prêcher,9
1555,226,1,et,et,324,Crd,Crd,/V\,CCONJ,et,8
1556,226,2,nostre,nostre,324,Det,Det,'C/V\.C/(e)\,DET,notre,8
1557,226,3,loy,loy,324,N,N,C/V\,NOUN,loi,8
1558,226,4,amenuisant,amenuisant,324,Vprs,Vprs,/V\.C/e\.C/V\.'C/V\,VERB,amenuiser,9
1559,226,5,",",",",324,Pnc,Pnc,,PUNCT,",",9
1560,227,1,et,et,325,Crd,Crd,/V\,CCONJ,et,8
1561,227,2,pour,pour,325,Pre,Pre,C/V\,ADP,pour,9
1562,227,3,ce,ce,325,Prn,Prn,C/(e)\,PRON,ce,3
1563,227,4,qu',qu',325,Sub,Sub,C/\,SCONJ,que,8
1564,227,5,il,il,325,Prn,Prn$,/V\,PRON,il,9
1565,227,6,nous,nous,325,Prn,Prn$$,C/V\,PRON,nous,8
1566,227,7,veut,veut,325,Vfin,Vfin,C/V\,VERB,vouloir,3
1567,227,8,trichier,trichier,325,Vinf,Vinf,C/V\.'C/V\,VERB,tricher,9
1568,227,9,",",",",325,Pnc,Pnc,,PUNCT,",",9
1569,228,1,li,li,326,Prn,Prn$$,C/V\,PRON,li,11
1570,228,2,doit,doit,326,Vfin,Vfin,C/V\,VERB,devoir,3
1571,228,3,on,on,326,Prn,Prn%,/V\,PRON,on,3
1572,228,4,en,en,326,Pre,Pre,/V\,ADP,en,3
1573,228,5,croiz,croiz,326,N,N,C/V\,NOUN,croix,8
1574,228,6,closfichier,closfichier,326,Vinf,Vinf,C/V\.C/V\.'C/V\,VERB,cloficher,0
1575,228,7,.,.,326,Pnc,Pnc,,PUNCT,.,9
1576,229,1,com,com,327,Sub,Sub,C/V\,SCONJ,comme,8
1577,229,2,autre,autre,327,Adj,Adj,'/V\.C/(e)\,DET,autre,8
1578,229,3,larron,larron,327,N,N,C/V\.'C/V\,NOUN,larron,9
1579,229,4,pautonier,pautonier,327,Adj,Adj,C/V\.C/V\.'C/V\,NOUN,pautonier,9
1580,229,5,.,.,327,Pnc,Pnc,,PUNCT,.,9
1581,230,1,biau,biau,328,Adj,Adj,C/V\,ADJ,beau,9
1582,230,2,douz,douz,328,Adj,Adj,C/V\,ADJ,doux,8
1583,230,3,seigneur,seigneur,328,N,N,C/V\.'C/V\,NOUN,seigneur,8
1584,230,4,",",",",328,Pnc,Pnc,,PUNCT,",",9
1585,230,5,que,que,328,Qux,Qux,C/(e)\,PRON,que,8
1586,230,6,demandez,demandez,328,Vfin,Vfin,C/V\.C/V\.'C/V\,VERB,demander,8
1587,231,1,cest,cest,329,Dem,Dem,C/V\,DET,cist,3
1588,231,2,preudome,preudome,329,N,N,C/V\.'C/V\.C/(e)\,NOUN,prudhomme,8
1589,231,3,que,que,329,Qux,Qux,C/(e)\,PRON,que,8
1590,231,4,ci,ci,329,Adv,Adv,C/V\,ADV,ci,8
1591,231,5,veez,veez,329,Vfin,Vfin,C/(V)\.'/V\,VERB,voir,3
1592,231,6,",",",",329,Pnc,Pnc,,PUNCT,",",9
1593,232,1,et,et,330,Crd,Crd,/V\,CCONJ,et,8
1594,232,2,ne,ne,330,Neg,Neg$$,C/(e)\,ADV,ne,8
1595,232,3,vous,vous,330,Prn,Prn$$,C/V\,PRON,vous,8
1596,232,4,a,a,330,Vfin,Vfin,/V\,VERB,avoir,3
1597,232,5,il,il,330,Prn,Prn%,/V\,PRON,il,9
1598,232,6,rien,rien,330,N,N,C/V\,PRON,rien,8
1599,232,7,meffait,meffait,330,Vpp,Vpp,C/V\.'C/V\,VERB,méfaire,8
1600,232,8,?,?,330,Pnc,Pnc,,PUNCT,?,9
1601,233,1,vous,vous,331,Prn,Prn$,C/V\,PRON,vous,8
1602,233,2,me,me,331,Prn,Prn$$,C/(e)\,PRON,je,3
1603,233,3,dites,dites,331,Vfin,Vfin,'C/V\.C/e\,VERB,dire,8
1604,233,4,que,que,331,Sub,Sub,C/(e)\,SCONJ,que,3
1605,233,5,fil,fil,331,N,N,C/V\,NOUN,fils,3
1606,233,6,dieu,dieu,331,N,N,C/V\,PROPN,Dieu,3
1607,233,7,se,se,331,Prn,Prn$$,C/(e)\,PRON,se,3
1608,233,8,fait,fait,331,Vfin,Vfin,C/V\,VERB,faire,3
1609,234,1,et,et,332,Crd,Crd,/V\,CCONJ,et,8
1610,234,2,qu',qu',332,Sub,Sub,C/\,SCONJ,que,8
1611,234,3,il,il,332,Prn,Prn,/V\,PRON,il,9
1612,234,4,vostre,vostre,332,Adj,Adj,'C/V\.C/(e)\,ADJ,votre,8
1613,234,5,devant,devant,332,PrA,PrA,C/V\.'C/V\,ADP,devant,8
1614,234,6,loy,loy,332,N,N,C/V\,NOUN,loi,8
1615,234,7,desvoie,desvoie,332,Vfin,Vfin,C/V\.'C/V\./(e)\,VERB,dévoyer,8
1616,234,8,.,.,332,Pnc,Pnc,,PUNCT,.,9
1617,235,1,or,or,333,Adv,Adv,/V\,ADV,or,8
1618,235,2,gart,gart,333,Vfin,Vfin,C/V\,VERB,garder,8
1619,235,3,chacun,chacun,333,QIs,QIs,C/V\.'C/V\,PRON,chacun,8
1620,235,4,qu',qu',333,Sub,Sub,C/\,SCONJ,que,8
1621,235,5,il,il,333,Prn,Prn$,/V\,PRON,il,9
1622,235,6,ne,ne,333,Neg,Neg$$,C/(e)\,ADV,ne,8
1623,235,7,le,le,333,Prn,Prn$$,C/(e)\,PRON,le,3
1624,235,8,croie,croie,333,Vfin,Vfin,'C/V\./(e)\,VERB,croire,8
1625,235,9,.,.,333,Pnc,Pnc,,PUNCT,.,9
1626,236,1,vien,vien,334,Vfin,Vfin,C/V\,VERB,venir,9
1627,236,2,ca,ca,334,Adv,Adv,C/V\,ADV,çà,9
1628,236,3,a,a,334,Pre,Pre,/V\,ADP,à,3
1629,236,4,moi,moi,334,Prn,Prn,C/V\,PRON,je,3
1630,236,5,",",",",334,Pnc,Pnc,,PUNCT,",",9
1631,236,6,amis,amis,334,N,N,/V\.'C/V\,NOUN,ami,3
1632,236,7,jhesu,jhesu,334,N,N,C/V\.'C/V\,PROPN,Jésus,3
1633,236,8,",",",",334,Pnc,Pnc,,PUNCT,",",9
1634,237,1,et,et,335,Crd,Crd,/V\,CCONJ,et,8
1635,237,2,me,me,335,Prn,Prn$$,C/(e)\,PRON,je,3
1636,237,3,di,di,335,Vfin,Vfin,C/V\,VERB,dire,8
1637,237,4,",",",",335,Pnc,Pnc,,PUNCT,",",9
1638,237,5,frere,frere,335,N,N,'C/V\.C/(e)\,NOUN,frère,9
1639,237,6,",",",",335,Pnc,Pnc,,PUNCT,",",9
1640,237,7,qui,qui,335,Qux,Qux,C/V\,PRON,qui,3
1641,237,8,es,es,335,Vfin,Vfin,/V\,VERB,être,3
1642,237,9,tu,tu,335,Prn,Prn%,C/V\,PRON,tu,8
1643,237,10,.,.,335,Pnc,Pnc,,PUNCT,.,9
1644,238,1,ne,ne,336,Neg,Neg$$,C/(e)\,ADV,ne,8
1645,238,2,me,me,336,Prn,Prn$$,C/(e)\,PRON,je,3
1646,238,3,celer,celer,336,Vinf,Vinf,C/V\.'C/V\,VERB,celer,9
1647,238,4,pas,pas,336,Neg,Neg,C/V\,ADV,pas,8
1648,238,5,pour,pour,336,Pre,Pre,C/V\,ADP,pour,9
1649,238,6,mourir,mourir,336,Vinf,Vinf,C/V\.'C/V\,VERB,mourir,9
1650,238,7,.,.,336,Pnc,Pnc,,PUNCT,.,9
1651,239,1,je,je,337,Prn,Prn$,C/(e)\,PRON,je,9
1652,239,2,sui,sui,337,Vfin,Vfin,C/V\,VERB,être,3
1653,239,3,cil,cil,337,Dem,Dem,C/V\,PRON,cil,8
1654,239,4,.,.,337,Pnc,Pnc,,PUNCT,.,9
1655,239,5,ne,ne,337,Neg,Neg$$,C/(e)\,ADV,ne,8
1656,239,6,crerais,crerais,337,Vfin,Vfin,C/V\.'C/V\,VERB,croire,0
1657,239,7,pour,pour,337,Pre,Pre,C/V\,ADP,pour,9
1658,239,8,rien,rien,337,N,N,C/V\,PRON,rien,8
1659,239,9,",",",",337,Pnc,Pnc,,PUNCT,",",9
1660,240,1,et,et,338,Crd,Crd,/V\,CCONJ,et,8
1661,240,2,se,se,338,Sub,Sub,C/(e)\,SCONJ,si,3
1662,240,3,je,je,338,Prn,Prn$,C/(e)\,PRON,je,9
1663,240,4,le,le,338,Prn,Prn$$,C/(e)\,PRON,le,3
1664,240,5,disoie,disoie,338,Vfin,Vfin,C/V\.'C/V\./(e)\,VERB,dire,9
1665,240,6,bien,bien,338,Adv,Adv,C/V\,ADV,bien,8
1666,240,7,.,.,338,Pnc,Pnc,,PUNCT,.,9
1667,241,1,pour,pour,339,Pre,Pre,C/V\,ADP,pour,9
1668,241,2,ce,ce,339,Prn,Prn,C/(e)\,PRON,ce,3
1669,241,3,ne,ne,339,Neg,Neg$$,C/(e)\,ADV,ne,8
1670,241,4,lairiez,lairiez,339,Vfin,Vfin,C/V\.C/<V>\.'/V\,VERB,layer,0
1671,241,5,vous,vous,339,Prn,Prn%,C/V\,PRON,vous,8
1672,241,6,mie,mie,339,Neg,Neg,'C/V\./(e)\,ADV,mie,8
1673,241,7,",",",",339,Pnc,Pnc,,PUNCT,",",9
1674,242,1,que,que,340,Sub,Sub,C/(e)\,SCONJ,que,3
1675,242,2,ne,ne,340,Neg,Neg$$,C/(e)\,ADV,ne,8
1676,242,3,me,me,340,Prn,Prn$$,C/(e)\,PRON,je,3
1677,242,4,feissiez,feissiez,340,Vfin,Vfin,C/(V)\./V\.'C/V\,VERB,faire,9
1678,242,5,vilenie,vilenie,340,N,N,C/V\.C/V\.'C/V\./(e)\,NOUN,vilenie,9
1679,242,6,.,.,340,Pnc,Pnc,,PUNCT,.,9
1680,243,1,dés,dés,341,Pre,Pre,C/V\,ADP,dès,8
1681,243,2,or,or,341,Adv,Adv,/V\,ADV,or,8
1682,243,3,en,en,341,Pre,Pre,/V\,ADP,en,3
1683,243,4,avant,avant,341,PrA,PrA,/V\.'C/V\,ADV,avant,8
1684,243,5,avenrra,avenrra,341,Vfin,Vfin,/V\.C/V\.'C/V\,VERB,advenir,9
1685,244,1,que,que,342,Sub,Sub,C/(e)\,SCONJ,que,3
1686,244,2,li,li,342,Det,Det,C/V\,DET,le,3
1687,244,3,fuiz,fuiz,342,N,N,C/V\,NOUN,fils,5
1688,244,4,marie,marie,342,N,N,C/V\.'C/V\./(e)\,VERB,marier,5
1689,244,5,sera,sera,342,Vfin,Vfin,C/V\.'C/V\,VERB,être,3
1690,245,1,en,en,343,Pre,Pre,/V\,ADP,en,3
1691,245,2,la,la,343,Det,Det,C/V\,DET,le,3
1692,245,3,destre,destre,343,Adj,Adj,'C/V\.C/(e)\,NOUN,dextre,8
1693,245,4,son,son,343,Det,Det,C/V\,DET,son,8
1694,245,5,pere,pere,343,N,N,'C/V\.C/(e)\,NOUN,père,3
1695,245,6,hautisme,hautisme,343,Adj,Adj,C/V\.'C/V\.C/(e)\,ADJ,hautisme,9
1696,246,1,qui,qui,344,Qux,Qux,C/V\,PRON,qui,3
1697,246,2,va,va,344,Vfin,Vfin,C/V\,VERB,aller,9
1698,246,3,du,du,344,Pre+Det,Pre+Det,C/V\,ADP.DET,de.le,3
1699,246,4,ciel,ciel,344,N,N,C/V\,NOUN,ciel,8
1700,246,5,jusqu',jusqu',344,PrA,PrA,C/V\,ADP,jusque,8
1701,246,6,en,en,344,Pre,Pre,/V\,ADP,en,3
1702,246,7,l',l',344,Det,Det,C/\,DET,le,8
1703,246,8,abisme,abisme,344,N,N,/V\.'C/V\.C/(e)\,NOUN,abîme,8
1704,246,9,.,.,344,Pnc,Pnc,,PUNCT,.,9
1705,247,1,il,il,345,Prn,Prn,/V\,PRON,il,9
1706,247,2,meismes,meismes,345,Adj,Adj,C/(V)\.'/V\.C/e\,ADJ,même,8
1707,247,3,c',c',345,Prn,Prn$$,C/\,PRON,ce,3
1708,247,4,est,est,345,Vfin,Vfin,/V\,VERB,être,3
1709,247,5,bien,bien,345,Adv,Adv,C/V\,ADV,bien,8
1710,247,6,jugiez,jugiez,345,Vpp,Vpp,C/V\.'C/V\,VERB,juger,9
1711,247,7,",",",",345,Pnc,Pnc,,PUNCT,",",9
1712,248,1,sire,sire,346,N,N,'C/V\.C/(e)\,NOUN,sire,11
1713,248,2,prevoz,prevoz,346,N,N,C/V\.'C/V\,ADJ,prévôt,4
1714,248,3,",",",",346,Pnc,Pnc,,PUNCT,",",9
1715,248,4,et,et,346,Crd,Crd,/V\,CCONJ,et,8
1716,248,5,emperiez,emperiez,346,N,N,/V\.C/V\.'C/V\,VERB,emperier,2
1717,248,6,.,.,346,Pnc,Pnc,,PUNCT,.,9
1718,249,1,faites,faites,347,Vfin,Vfin,'C/V\.C/e\,VERB,faire,9
1719,249,2,en,en,347,Prn,Prn%%,/V\,ADP,en,3
1720,249,3,ce,ce,347,Prn,Prn%%,C/(e)\,PRON,ce,3
1721,249,4,que,que,347,Qux,Qux,C/(e)\,PRON,que,8
1722,249,5,vous,vous,347,Prn,Prn$,C/V\,PRON,vous,8
1723,249,6,devez,devez,347,Vfin,Vfin,C/V\.'C/V\,VERB,devoir,3
1724,249,7,.,.,347,Pnc,Pnc,,PUNCT,.,9
1725,250,1,par,par,348,Pre,Pre,C/V\,ADP,par,8
1726,250,2,foy,foy,348,N,N,C/V\,NOUN,foi,3
1727,250,3,",",",",348,Pnc,Pnc,,PUNCT,",",9
1728,250,4,juis,juis,348,N,N,C/V\.'C/V\,ADV,juis,-10
1729,250,5,",",",",348,Pnc,Pnc,,PUNCT,",",9
1730,250,6,trop,trop,348,Adv,Adv,C/V\,ADV,trop,8
1731,250,7,vous,vous,348,Prn,Prn$$,C/V\,PRON,vous,8
1732,250,8,hatez,hatez,348,Vfin,Vfin,C/V\.'C/V\,VERB,hâter,6
1733,250,9,!,!,348,Pnc,Pnc,,PUNCT,!,3
1734,251,1,il,il,349,Prn,Prn$,/V\,PRON,il,9
1735,251,2,ne,ne,349,Neg,Neg$$,C/(e)\,ADV,ne,8
1736,251,3,morra,morra,349,Vfin,Vfin,C/V\.'C/V\,VERB,mourir,9
1737,251,4,mie,mie,349,Neg,Neg,'C/V\./(e)\,ADV,mie,8
1738,251,5,par,par,349,Pre,Pre,C/V\,ADP,par,8
1739,251,6,moy,moy,349,Prn,Prn,C/V\,PRON,moi,3
1740,251,7,",",",",349,Pnc,Pnc,,PUNCT,",",9
1741,252,1,car,car,350,Crd,Crd,C/V\,CCONJ,car,8
1742,252,2,en,en,350,Pre,Pre,/V\,ADP,en,3
1743,252,3,lui,lui,350,Prn,Prn,C/V\,PRON,lui,3
1744,252,4,nul,nul,350,QIs,QIs,C/V\,DET,nul,8
1745,252,5,forfait,forfait,350,N,N,C/V\.'C/V\,VERB,forfaire,8
1746,252,6,ne,ne,350,Neg,Neg$$,C/(e)\,ADV,ne,8
1747,252,7,voi,voi,350,Vfin,Vfin,C/V\,VERB,voir,3
1748,252,8,.,.,350,Pnc,Pnc,,PUNCT,.,9
1749,253,1,ainz,ainz,351,Crd,Crd,/V\,ADV,ains,8
1750,253,2,veil,veil,351,Vfin,Vfin,C/V\,VERB,vouloir,3
1751,253,3,que,que,351,Sub,Sub,C/(e)\,SCONJ,que,3
1752,253,4,vous,vous,351,Prn,Prn$,C/V\,PRON,vous,8
1753,253,5,le,le,351,Prn,Prn$$,C/(e)\,PRON,le,3
1754,253,6,me,me,351,Prn,Prn$$,C/(e)\,PRON,je,3
1755,253,7,menés,menés,351,Vfin,Vfin,C/V\.'C/V\,VERB,mener,9
1756,254,1,a,a,352,Pre,Pre,/V\,ADP,à,3
1757,254,2,herode,herode,352,N,N,/V\.'C/V\.C/(e)\,NOUN,hérode,8
1758,254,3,",",",",352,Pnc,Pnc,,PUNCT,",",9
1759,254,4,puis,puis,352,PrA,PrA,C/V\,ADV,puis,8
1760,254,5,li,li,352,Prn,Prn$$,C/V\,PRON,li,11
1761,254,6,direz,direz,352,Vfin,Vfin,C/V\.'C/V\,VERB,dire,9
1762,254,7,",",",",352,Pnc,Pnc,,PUNCT,",",9
1763,255,1,s',s',353,Sub,Sub,C/\,ADV,si,8
1764,255,2,a,a,353,Vfin,Vfin,/V\,VERB,avoir,3
1765,255,3,deservi,deservi,353,Vpp,Vpp,C/V\.C/V\.'C/V\,VERB,desservir,9
1766,255,4,mort,mort,353,N,N,C/V\,NOUN,mort,3
1767,255,5,",",",",353,Pnc,Pnc,,PUNCT,",",9
1768,255,6,c',c',353,Sub,Sub,C/\,SCONJ,que,8
1769,255,7,om,om,353,Prn,Prn$,/V\,PRON,on,8
1770,255,8,l',l',353,Prn,Prn$$,C/\,PRON,il,3
1771,255,9,ocie,ocie,353,Vfin,Vfin,/V\.'C/V\./(e)\,VERB,occire,9
1772,255,10,",",",",353,Pnc,Pnc,,PUNCT,",",9
1773,256,1,car,car,354,Crd,Crd,C/V\,CCONJ,car,8
1774,256,2,en,en,354,Pre,Pre,/V\,ADP,en,3
1775,256,3,droit,droit,354,Adj,Adj,C/V\,NOUN,droit,8
1776,256,4,de,de,354,Pre,Pre,C/(e)\,ADP,de,8
1777,256,5,moy,moy,354,Prn,Prn,C/V\,PRON,moi,3
1778,256,6,ne,ne,354,Neg,Neg$$,C/(e)\,ADV,ne,8
1779,256,7,voi,voi,354,Vfin,Vfin,C/V\,VERB,voir,3
1780,256,8,mie,mie,354,Neg,Neg,'C/V\./(e)\,ADV,mie,8
1781,256,9,.,.,354,Pnc,Pnc,,PUNCT,.,9
1782,257,1,de,de,355,Pre,Pre,C/(e)\,ADP,de,8
1783,257,2,moy,moy,355,Prn,Prn,C/V\,PRON,moi,3
1784,257,3,a,a,355,Vfin,Vfin,/V\,VERB,avoir,3
1785,257,4,esté,esté,355,Vpp,Vpp,/V\.'C/V\,VERB,être,3
1786,257,5,mal,mal,355,Adv,Adv,C/V\,ADV,mal,8
1787,257,6,lonc,lonc,355,Adj,Adj,C/V\,ADJ,long,8
1788,257,7,tens,tens,355,N,N,C/V\,NOUN,temps,8
1789,257,8,",",",",355,Pnc,Pnc,,PUNCT,",",9
1790,258,1,il,il,356,Prn,Prn$,/V\,PRON,il,9
1791,258,2,me,me,356,Prn,Prn$$,C/(e)\,PRON,je,3
1792,258,3,pardonrra,pardonrra,356,Vfin,Vfin,C/V\.C/V\.'C/V\,VERB,pardonner,9
1793,258,4,son,son,356,Det,Det,C/V\,DET,son,8
1794,258,5,mal,mal,356,Adj,Adj,C/V\,ADJ,mal,8
1795,258,6,talent,talent,356,N,N,C/V\.'C/V\,NOUN,talent,9
1796,258,7,.,.,356,Pnc,Pnc,,PUNCT,.,9
1797,259,1,sire,sire,357,N,N,'C/V\.C/(e)\,NOUN,sire,11
1798,259,2,herode,herode,357,N,N,/V\.'C/V\.C/(e)\,ADJ,hérode,3
1799,259,3,",",",",357,Pnc,Pnc,,PUNCT,",",9
1800,259,4,diex,diex,357,N,N,C/V\,NOUN,dieu,8
1801,259,5,vous,vous,357,Prn,Prn$$,C/V\,PRON,vous,8
1802,259,6,doint,doint,357,Vfin,Vfin,C/V\,VERB,donner,9
1803,259,7,joie,joie,357,N,N,'C/V\./(e)\,NOUN,joie,8
1804,259,8,!,!,357,Pnc,Pnc,,PUNCT,!,3
1805,260,1,li,li,358,Det,Det,C/V\,DET,le,3
1806,260,2,prevoz,prevoz,358,N,N,C/V\.'C/V\,ADJ,prévôt,4
1807,260,3,pilate,pilate,358,N,N,C/V\.'C/V\.C/(e)\,NOUN,Pilate,2
1808,260,4,vous,vous,358,Prn,Prn$$,C/V\,PRON,vous,8
1809,260,5,envoie,envoie,358,Vfin,Vfin,/V\.'C/V\./(e)\,VERB,envoyer,8
1810,261,1,jhesu,jhesu,359,N,N,C/V\.'C/V\,PROPN,Jésus,3
1811,261,2,que,que,359,Qux,Qux,C/(e)\,PRON,que,8
1812,261,3,nous,nous,359,Prn,Prn$,C/V\,PRON,nous,8
1813,261,4,avons,avons,359,Vfin,Vfin,/V\.'C/V\,VERB,avoir,9
1814,261,5,or,or,359,Adv,Adv,/V\,ADV,or,8
1815,261,6,pris,pris,359,Vpp,Vpp,C/V\,VERB,prendre,3
1816,261,7,",",",",359,Pnc,Pnc,,PUNCT,",",9
1817,262,1,et,et,360,Crd,Crd,/V\,CCONJ,et,8
1818,262,2,si,si,360,Adv,Adv,C/V\,ADV,si,8
1819,262,3,vous,vous,360,Prn,Prn$$,C/V\,PRON,vous,8
1820,262,4,mande,mande,360,Vfin,Vfin,'C/V\.C/(e)\,VERB,mander,3
1821,262,5,de,de,360,Pre,Pre,C/(e)\,ADP,de,8
1822,262,6,par,par,360,Pre,Pre,C/V\,ADP,par,8
1823,262,7,mi,mi,360,Prn,Prn,C/V\,NOUN,mi,8
1824,262,8,",",",",360,Pnc,Pnc,,PUNCT,",",9
1825,263,1,se,se,361,Sub,Sub,C/(e)\,ADV,si,8
1826,263,2,a,a,361,Vfin,Vfin,/V\,VERB,avoir,3
1827,263,3,forfait,forfait,361,Vpp,Vpp,C/V\.'C/V\,VERB,forfaire,8
1828,263,4,mort,mort,361,N,N,C/V\,VERB,mourir,3
1829,263,5,",",",",361,Pnc,Pnc,,PUNCT,",",9
1830,263,6,c',c',361,Sub,Sub,C/\,SCONJ,que,8
1831,263,7,om,om,361,Prn,Prn$,/V\,PRON,on,8
1832,263,8,l',l',361,Prn,Prn$$,C/\,PRON,il,3
1833,263,9,ocie,ocie,361,Vfin,Vfin,/V\.'C/V\./(e)\,VERB,occire,9
1834,263,10,",",",",361,Pnc,Pnc,,PUNCT,",",9
1835,264,1,car,car,362,Crd,Crd,C/V\,CCONJ,car,8
1836,264,2,pilates,pilates,362,N,N,C/V\.'C/V\.C/e\,NOUN,Pilate,5
1837,264,3,ne,ne,362,Neg,Neg$$,C/(e)\,ADV,ne,8
1838,264,4,le,le,362,Prn,Prn$$,C/(e)\,PRON,le,3
1839,264,5,voit,voit,362,Vfin,Vfin,C/V\,VERB,voir,3
1840,264,6,mie,mie,362,Neg,Neg,'C/V\./(e)\,ADV,mie,8
1841,264,7,.,.,362,Pnc,Pnc,,PUNCT,.,9
1842,265,1,or,or,363,Adv,Adv,/V\,ADV,or,8
1843,265,2,ca,ca,363,Adv,Adv,C/V\,ADV,çà,9
1844,265,3,",",",",363,Pnc,Pnc,,PUNCT,",",9
1845,265,4,a,a,363,Pre,Pre,/V\,ADP,à,3
1846,265,5,moy,moy,363,Prn,Prn,C/V\,PRON,moi,3
1847,265,6,",",",",363,Pnc,Pnc,,PUNCT,",",9
1848,265,7,amis,amis,363,N,N,/V\.'C/V\,NOUN,ami,3
1849,265,8,jhesu,jhesu,363,N,N,C/V\.'C/V\,PROPN,Jésus,3
1850,265,9,",",",",363,Pnc,Pnc,,PUNCT,",",9
1851,266,1,que,que,364,Sub,Sub,C/(e)\,SCONJ,que,3
1852,266,2,par,par,364,Pre,Pre,C/V\,ADP,par,8
1853,266,3,cent,cent,364,QIs,QIs,C/V\,NUM,cent,8
1854,266,4,fois,fois,364,N,N,C/V\,NOUN,fois,3
1855,266,5,bien,bien,364,Adv,Adv,C/V\,ADV,bien,8
1856,266,6,viegnes,viegnes,364,Vfin,Vfin,'C/V\.C/e\,VERB,venir,9
1857,266,7,tu,tu,364,Prn,Prn%,C/V\,PRON,tu,8
1858,266,8,",",",",364,Pnc,Pnc,,PUNCT,",",9
1859,267,1,et,et,365,Crd,Crd,/V\,CCONJ,et,8
1860,267,2,cil,cil,365,Dem,Dem,C/V\,PRON,cil,8
1861,267,3,ait,ait,365,Vfin,Vfin,/V\,VERB,avoir,3
1862,267,4,bien,bien,365,Adv,Adv,C/V\,ADV,bien,8
1863,267,5,que,que,365,Sub,Sub,C/(e)\,SCONJ,que,3
1864,267,6,ca,ca,365,Adv,Adv,C/V\,ADV,çà,9
1865,267,7,t',t',365,Prn,Prn$$,C/\,PRON,te,3
1866,267,8,envoie,envoie,365,Vfin,Vfin,/V\.'C/V\./(e)\,VERB,envoyer,8
1867,267,9,!,!,365,Pnc,Pnc,,PUNCT,!,3
1868,268,1,c',c',366,Prn,Prn,C/\,PRON,ce,3
1869,268,2,est,est,366,Vfin,Vfin,/V\,VERB,être,3
1870,268,3,pilates,pilates,366,N,N,C/V\.'C/V\.C/e\,NOUN,Pilate,5
1871,268,4,que,que,366,Qux,Qux,C/(e)\,PRON,que,8
1872,268,5,tant,tant,366,QIs,QIs,C/V\,ADV,tant,8
1873,268,6,heoie,heoie,366,Vfin,Vfin,C/(V)\.'/V\./(e)\,VERB,heer,6
1874,268,7,.,.,366,Pnc,Pnc,,PUNCT,.,9
1875,269,1,je,je,367,Prn,Prn$,C/(e)\,PRON,je,9
1876,269,2,ne,ne,367,Neg,Neg$$,C/(e)\,ADV,ne,8
1877,269,3,le,le,367,Prn,Prn$$,C/(e)\,PRON,le,3
1878,269,4,hé,hé,367,Vfin,Vfin,C/V\,VERB,haïr,8
1879,269,5,mais,mais,367,Adv,Adv,C/V\,ADV,mais,8
1880,269,6,de,de,367,Pre,Pre,C/(e)\,ADP,de,8
1881,269,7,noient,noient,367,Prn,Prn,C/V\.'C/V\,PRON,néant,8
1882,269,8,;,;,367,Pnc,Pnc,,PUNCT,;,9
1883,270,1,je,je,368,Prn,Prn$,C/(e)\,PRON,je,9
1884,270,2,li,li,368,Prn,Prn$$,C/V\,PRON,li,11
1885,270,3,pardoing,pardoing,368,Vfin,Vfin,C/V\.'C/V\,VERB,pardonner,9
1886,270,4,mon,mon,368,Det,Det,C/V\,DET,mon,8
1887,270,5,mal,mal,368,Adj,Adj,C/V\,ADJ,mal,8
1888,270,6,talent,talent,368,N,N,C/V\.'C/V\,NOUN,talent,9
1889,270,7,.,.,368,Pnc,Pnc,,PUNCT,.,9
1890,271,1,mout,mout,369,QIs,QIs,C/V\,ADV,moult,8
1891,271,2,a,a,369,Vfin,Vfin,/V\,VERB,avoir,3
1892,271,3,lonc,lonc,369,Adj,Adj,C/V\,ADJ,long,8
1893,271,4,tens,tens,369,N,N,C/V\,NOUN,temps,8
1894,271,5,que,que,369,Sub,Sub,C/(e)\,SCONJ,que,3
1895,271,6,je,je,369,Prn,Prn$,C/(e)\,PRON,je,9
1896,271,7,voloie,voloie,369,Vfin,Vfin,C/V\.'C/V\./(e)\,VERB,vouloir,3
1897,272,1,parler,parler,370,Vinf,Vinf,C/V\.'C/V\,VERB,parler,9
1898,272,2,a,a,370,Pre,Pre,/V\,ADP,à,3
1899,272,3,toy,toy,370,Prn,Prn,C/V\,PRON,toi,9
1900,272,4,mais,mais,370,Crd,Crd,C/V\,CCONJ,mais,8
1901,272,5,ne,ne,370,Neg,Neg$$,C/(e)\,ADV,ne,8
1902,272,6,pooie,pooie,370,Vfin,Vfin,C/V\.'C/V\./(e)\,VERB,pouvoir,9
1903,272,7,.,.,370,Pnc,Pnc,,PUNCT,.,9
1904,273,1,ne,ne,371,Neg,Neg$$,C/(e)\,ADV,ne,8
1905,273,2,sai,sai,371,Vfin,Vfin,C/V\,VERB,savoir,8
1906,273,3,pour,pour,371,Pre,Pre,C/V\,ADP,pour,9
1907,273,4,paour,paour,371,N,N,C/(V)\.'/V\,NOUN,peur,9
1908,273,5,ou,ou,371,Crd,Crd,/V\,CCONJ,ou,8
1909,273,6,pour,pour,371,Pre,Pre,C/V\,ADP,pour,9
1910,273,7,quoi,quoi,371,Qux,Qux,C/V\,PRON,quoi,3
1911,274,1,n',n',372,Neg,Neg$$,C/\,ADV,ne,8
1912,274,2,osoies,osoies,372,Vfin,Vfin,/V\.'C/V\./e\,VERB,oser,8
1913,274,3,venir,venir,372,Vinf,Vinf,C/V\.'C/V\,VERB,venir,9
1914,274,4,devant,devant,372,PrA,PrA,C/V\.'C/V\,ADP,devant,8
1915,274,5,moy,moy,372,Prn,Prn,C/V\,PRON,moi,3
1916,274,6,.,.,372,Pnc,Pnc,,PUNCT,.,9
1917,275,1,dire,dire,373,Vinf,Vinf,'C/V\.C/(e)\,VERB,dire,3
1918,275,2,ai,ai,373,Vfin,Vfin,/V\,VERB,avoir,8
1919,275,3,oï,oï,373,Vpp,Vpp,/V\.'C/V\,VERB,ouïr,8
1920,275,4,par,par,373,Pre,Pre,C/V\,ADP,par,8
1921,275,5,ton,ton,373,Det,Det,C/V\,DET,ton,8
1922,275,6,seignacle,seignacle,373,N,N,C/V\.'C/V\.C/(e)\,NOUN,signacle,9
1923,276,1,a,a,374,Vfin,Vfin,/V\,VERB,avoir,3
1924,276,2,on,on,374,Prn,Prn%,/V\,PRON,on,3
1925,276,3,veü,veü,374,Vpp,Vpp,C/(V)\.'/V\,VERB,voir,9
1926,276,4,maint,maint,374,QIs,QIs,C/V\,DET,maint,8
1927,276,5,biau,biau,374,Adj,Adj,C/V\,ADJ,beau,9
1928,276,6,miracle,miracle,374,N,N,C/V\.'C/V\.C/(e)\,NOUN,miracle,9
1929,276,7,:,:,374,Pnc,Pnc,,PUNCT,:,9
1930,277,1,li,li,375,Det,Det,C/V\,DET,le,3
1931,277,2,mort,mort,375,Vpp,Vpp,C/V\,VERB,mourir,3
1932,277,3,en,en,375,Prn,Prn$$,/V\,PRON,en,3
1933,277,4,sont,sont,375,Vfin,Vfin,C/V\,VERB,être,8
1934,277,5,resuscité,resuscité,375,Vpp,Vpp,C/V\.C/V\.C/V\.'C/V\,VERB,ressusciter,9
1935,277,6,",",",",375,Pnc,Pnc,,PUNCT,",",9
1936,278,1,et,et,376,Crd,Crd,/V\,CCONJ,et,8
1937,278,2,li,li,376,Det,Det,C/V\,PRON,li,11
1938,278,3,aveugle,aveugle,376,Adj,Adj,/V\.'C/V\.C/(e)\,VERB,aveugler,8
1939,278,4,ralumé,ralumé,376,Vpp,Vpp,C/V\.C/V\.'C/V\,VERB,rallumer,9
1940,278,5,",",",",376,Pnc,Pnc,,PUNCT,",",9
1941,279,1,et,et,377,Crd,Crd,/V\,CCONJ,et,8
1942,279,2,maint,maint,377,QIs,QIs,C/V\,DET,maint,8
1943,279,3,autre,autre,377,Adj,Adj,'/V\.C/(e)\,PRON,autre,8
1944,279,4,que,que,377,Qux,Qux,C/(e)\,PRON,que,8
1945,279,5,fait,fait,377,Vpp,Vpp,C/V\,VERB,faire,3
1946,279,6,avez,avez,377,Vfin,Vfin,/V\.'C/V\,VERB,avoir,8
1947,280,1,je,je,378,Prn,Prn$,C/(e)\,PRON,je,9
1948,280,2,en,en,378,Prn,Prn$$,/V\,PRON,en,3
1949,280,3,ai,ai,378,Vfin,Vfin,/V\,VERB,avoir,8
1950,280,4,oï,oï,378,Vpp,Vpp,/V\.'C/V\,VERB,ouïr,8
1951,280,5,souvent,souvent,378,Adv,Adv,C/V\.'C/V\,ADV,souvent,8
1952,280,6,parler,parler,378,Vinf,Vinf,C/V\.'C/V\,VERB,parler,9
1953,280,7,.,.,378,Pnc,Pnc,,PUNCT,.,9
1954,281,1,or,or,379,Adv,Adv,/V\,ADV,or,8
1955,281,2,m',m',379,Prn,Prn$$,C/\,PRON,je,3
1956,281,3,en,en,379,Prn,Prn$$,/V\,PRON,en,3
1957,281,4,fai,fai,379,Vfin,Vfin,C/V\,VERB,faire,9
1958,281,5,un,un,379,QIs,QIs,/V\,PRON,un,8
1959,281,6,apertement,apertement,379,Adv,Adv,/V\.C/V\.C/e\.'C/V\,ADV,apertement,3
1960,282,1,si,si,380,Adv,Adv,C/V\,ADV,si,8
1961,282,2,que,que,380,Sub,Sub,C/(e)\,SCONJ,que,3
1962,282,3,voient,voient,380,Vfin,Vfin,'C/V\./e\,VERB,voir,9
1963,282,4,toute,toute,380,QIs,QIs,'C/V\.C/(e)\,DET,tout,8
1964,282,5,la,la,380,Det,Det,C/V\,DET,le,3
1965,282,6,gent,gent,380,N,N,C/V\,NOUN,gent,3
1966,282,7,",",",",380,Pnc,Pnc,,PUNCT,",",9
1967,283,1,et,et,381,Crd,Crd,/V\,CCONJ,et,8
1968,283,2,je,je,381,Prn,Prn,C/(e)\,PRON,je,9
1969,283,3,tel,tel,381,Adj,Adj,C/V\,DET,tel,8
1970,283,4,plait,plait,381,N,N,C/V\,NOUN,plaid,8
1971,283,5,aprés,aprés,381,PrA,PrA,/V\.'C/V\,ADV,après,8
1972,283,6,ferai,ferai,381,Vfin,Vfin,C/V\.'C/V\,VERB,faire,3
1973,284,1,que,que,382,Sub,Sub,C/(e)\,SCONJ,que,3
1974,284,2,tout,tout,382,QIs,QIs,C/V\,ADV,tout,8
1975,284,3,delivre,delivre,382,Adj,Adj,C/V\.'C/V\.C/(e)\,ADJ,délivre,8
1976,284,4,te,te,382,Prn,Prn$$,C/(e)\,PRON,te,3
1977,284,5,rendrai,rendrai,382,Vfin,Vfin,C/V\.'C/V\,VERB,rendre,9
1978,284,6,.,.,382,Pnc,Pnc,,PUNCT,.,9
1979,285,1,enseigne,enseigne,383,Vfin,Vfin,/V\.'C/V\.C/(e)\,VERB,enseigner,8
1980,285,2,nous,nous,383,Prn,Prn%%,C/V\,PRON,nous,8
1981,285,3,",",",",383,Pnc,Pnc,,PUNCT,",",9
1982,285,4,ou,ou,383,Crd,Crd,/V\,CCONJ,ou,8
1983,285,5,bien,bien,383,Adv,Adv,C/V\,ADV,bien,8
1984,285,6,ou,ou,383,Crd,Crd,/V\,CCONJ,ou,8
1985,285,7,mal,mal,383,Adv,Adv,C/V\,NOUN,mal,8
1986,285,8,!,!,383,Pnc,Pnc,,PUNCT,!,3
1987,286,1,bien,bien,384,Adv,Adv,C/V\,ADV,bien,8
1988,286,2,voi,voi,384,Vfin,Vfin,C/V\,VERB,voir,3
1989,286,3,que,que,384,Sub,Sub,C/(e)\,SCONJ,que,3
1990,286,4,tu,tu,384,Prn,Prn$,C/V\,PRON,tu,8
1991,286,5,n',n',384,Neg,Neg$$,C/\,ADV,ne,8
1992,286,6,en,en,384,Prn,Prn$$,/V\,PRON,en,3
1993,286,7,feras,feras,384,Vfin,Vfin,C/V\.'C/V\,VERB,faire,3
1994,286,8,al,al,384,Prn,Prn,/V\,PRON,il,0
1995,286,9,.,.,384,Pnc,Pnc,,PUNCT,.,9
1996,287,1,pour,pour,385,Pre,Pre,C/V\,ADP,pour,9
1997,287,2,quoi,quoi,385,Qux,Qux,C/V\,PRON,quoi,3
1998,287,3,ne,ne,385,Neg,Neg$$,C/(e)\,ADV,ne,8
1999,287,4,paroles,paroles,385,Vfin,Vfin,C/V\.'C/V\.C/e\,VERB,parler,8
2000,287,5,a,a,385,Pre,Pre,/V\,ADP,à,3
2001,287,6,moy,moy,385,Prn,Prn,C/V\,PRON,moi,3
2002,287,7,?,?,385,Pnc,Pnc,,PUNCT,?,9
2003,288,1,tu,tu,386,Prn,Prn$,C/V\,PRON,tu,8
2004,288,2,ne,ne,386,Neg,Neg$$,C/(e)\,ADV,ne,8
2005,288,3,daignes,daignes,386,Vfin,Vfin,'C/V\.C/e\,VERB,daigner,9
2006,288,4,",",",",386,Pnc,Pnc,,PUNCT,",",9
2007,288,5,si,si,386,Adv,Adv,C/V\,ADV,si,8
2008,288,6,com,com,386,Sub,Sub,C/V\,SCONJ,comme,8
2009,288,7,je,je,386,Prn,Prn$,C/(e)\,PRON,je,9
2010,288,8,croy,croy,386,Vfin,Vfin,C/V\,VERB,croire,9
2011,288,9,.,.,386,Pnc,Pnc,,PUNCT,.,9
2012,289,1,parole,parole,387,Vfin,Vfin,C/V\.'C/V\.C/(e)\,VERB,parler,8
2013,289,2,a,a,387,Pre,Pre,/V\,ADP,à,3
2014,289,3,moy,moy,387,Prn,Prn,C/V\,PRON,moi,3
2015,289,4,",",",",387,Pnc,Pnc,,PUNCT,",",9
2016,289,5,je,je,387,Prn,Prn$,C/(e)\,PRON,je,9
2017,289,6,te,te,387,Prn,Prn$$,C/(e)\,PRON,te,3
2018,289,7,comant,comant,387,Vfin,Vfin,C/V\.'C/V\,VERB,commander,8
2019,289,8,!,!,387,Pnc,Pnc,,PUNCT,!,3
2020,290,1,dun,dun,388,Adv,Adv,C/V\,PRON,dont,8
2021,290,2,vestiras,vestiras,388,Vfin,Vfin,C/V\.C/V\.'C/V\,VERB,vêtir,9
2022,290,3,tu,tu,388,Prn,Prn%,C/V\,PRON,tu,8
2023,290,4,ci,ci,388,Adv,Adv,C/V\,ADV,ci,8
2024,290,5,garnement,garnement,388,N,N,C/V\.C/e\.'C/V\,NOUN,garnement,9
2025,290,6,",",",",388,Pnc,Pnc,,PUNCT,",",9
2026,291,1,et,et,389,Crd,Crd,/V\,CCONJ,et,8
2027,291,2,si,si,389,Adv,Adv,C/V\,ADV,si,8
2028,291,3,savrai,savrai,389,Vfin,Vfin,C/V\.'C/V\,VERB,savoir,9
2029,291,4,tout,tout,389,QIs,QIs,C/V\,ADV,tout,8
2030,291,5,maintenant,maintenant,389,Adv,Adv,C/V\.C/e\.'C/V\,ADV,maintenant,8
2031,292,1,coment,coment,390,Qux,Qux,C/V\.'C/V\,ADV,comment,9
2032,292,2,tu,tu,390,Prn,Prn$,C/V\,PRON,tu,8
2033,292,3,savras,savras,390,Vfin,Vfin,C/V\.'C/V\,VERB,savoir,9
2034,292,4,deviner,deviner,390,Vinf,Vinf,C/V\.C/V\.'C/V\,VERB,deviner,9
2035,292,5,.,.,390,Pnc,Pnc,,PUNCT,.,9
2036,293,1,je,je,391,Prn,Prn$,C/(e)\,PRON,je,9
2037,293,2,te,te,391,Prn,Prn$$,C/(e)\,PRON,te,3
2038,293,3,ferai,ferai,391,Vfin,Vfin,C/V\.'C/V\,VERB,faire,3
2039,293,4,les,les,391,Det,Det,C/V\,DET,le,8
2040,293,5,iex,iex,391,N,N,/V\,NOUN,œil,3
2041,293,6,cliner,cliner,391,Vinf,Vinf,C/V\.'C/V\,VERB,cliner,3
2042,293,7,!,!,391,Pnc,Pnc,,PUNCT,!,3
2043,294,1,pour,pour,392,Pre,Pre,C/V\,ADP,pour,9
2044,294,2,le,le,392,Det,Det,C/(e)\,DET,le,8
2045,294,3,grant,grant,392,Adj,Adj,C/V\,ADJ,grand,8
2046,294,4,dieu,dieu,392,N,N,C/V\,NOUN,dieu,8
2047,294,5,",",",",392,Pnc,Pnc,,PUNCT,",",9
2048,294,6,fai,fai,392,Vfin,Vfin,C/V\,VERB,faire,9
2049,294,7,dont,dont,392,Adv,Adv,C/V\,ADV,donc,3
2050,294,8,erant,erant,392,Vprs,Vprs,/V\.'C/V\,VERB,être,3
2051,294,9,!,!,392,Pnc,Pnc,,PUNCT,!,3
2052,295,1,et,et,393,Crd,Crd,/V\,CCONJ,et,8
2053,295,2,si,si,393,Adv,Adv,C/V\,ADV,si,8
2054,295,3,alons,alons,393,Vfin,Vfin,/V\.'C/V\,VERB,aller,9
2055,295,4,par,par,393,Pre,Pre,C/V\,ADP,par,8
2056,295,5,tout,tout,393,QIs,QIs,C/V\,PRON,tout,3
2057,295,6,querant,querant,393,Vprs,Vprs,C/V\.'C/V\,VERB,quérir,9
2058,296,1,que,que,394,Sub,Sub,C/(e)\,SCONJ,que,3
2059,296,2,il,il,394,Prn,Prn$,/V\,PRON,il,9
2060,296,3,n',n',394,Neg,Neg$$,C/\,ADV,ne,8
2061,296,4,ait,ait,394,Vfin,Vfin,/V\,VERB,avoir,3
2062,296,5,coutiau,coutiau,394,N,N,C/V\.'C/V\,NOUN,couteau,9
2063,296,6,ne,ne,394,Crd,Crd,C/(e)\,CCONJ,ne,8
2064,296,7,gaine,gaine,394,N,N,C/V\.'C/V\.C/(e)\,NOUN,gaine,3
2065,296,8,.,.,394,Pnc,Pnc,,PUNCT,.,9
2066,297,1,(,(,395,Pnc,Pnc,,PUNCT,(,9
2067,297,2,et,et,395,Crd,Crd,/V\,CCONJ,et,8
2068,297,3,si,si,395,Adv,Adv,C/V\,ADV,si,8
2069,297,4,le,le,395,Prn,Prn$$,C/(e)\,PRON,le,3
2070,297,5,fiert,fiert,395,Vfin,Vfin,C/V\,VERB,férir,8
2071,297,6,tout,tout,395,QIs,QIs,C/V\,ADV,tout,8
2072,297,7,maintenant,maintenant,395,Adv,Adv,C/V\.C/e\.'C/V\,ADV,maintenant,8
2073,297,8,",",",",395,Pnc,Pnc,,PUNCT,",",9
2074,298,1,la,la,396,Det,Det,C/V\,DET,le,3
2075,298,2,paume,paume,396,N,N,'C/V\.C/(e)\,NOUN,paume,8
2076,298,3,sus,sus,396,PrA,PrA,C/V\,ADP,sus,3
2077,298,4,l',l',396,Det,Det,C/\,DET,le,8
2078,298,5,oreille,oreille,396,N,N,/V\.'C/V\.C/(e)\,NOUN,oreille,3
2079,298,6,li,li,396,Prn,Prn$$,C/V\,PRON,li,11
2080,298,7,tent,tent,396,Vfin,Vfin,C/V\,VERB,tendre,3
2081,298,8,.,.,396,Pnc,Pnc,,PUNCT,.,9
2082,298,9,),),396,Pnc,Pnc,,PUNCT,),9
2083,299,1,qui,qui,397,Qux,Qux,C/V\,PRON,qui,3
2084,299,2,t',t',397,Prn,Prn$$,C/\,PRON,te,3
2085,299,3,a,a,397,Vfin,Vfin,/V\,VERB,avoir,3
2086,299,4,feru,feru,397,Vpp,Vpp,C/V\.'C/V\,VERB,férir,9
2087,299,5,?,?,397,Pnc,Pnc,,PUNCT,?,9
2088,299,6,or,or,397,Adv,Adv,/V\,ADV,or,8
2089,299,7,le,le,397,Prn,Prn$$,C/(e)\,PRON,le,3
2090,299,8,devine,devine,397,Vfin,Vfin,C/V\.'C/V\.C/(e)\,VERB,deviner,8
2091,299,9,!,!,397,Pnc,Pnc,,PUNCT,!,3
2092,300,1,encuse,encuse,398,Vfin,Vfin,/V\.'C/V\.C/(e)\,VERB,encuser,9
2093,300,2,le,le,398,Prn,Prn%%,C/(e)\,PRON,le,3
2094,300,3,apertement,apertement,398,Adv,Adv,/V\.C/V\.C/e\.'C/V\,ADV,apertement,3
2095,300,4,",",",",398,Pnc,Pnc,,PUNCT,",",9
2096,301,1,ou,ou,399,Crd,Crd,/V\,PRON,où,8
2097,301,2,il,il,399,Prn,Prn$,/V\,PRON,il,9
2098,301,3,ira,ira,399,Vfin,Vfin,/V\.'C/V\,VERB,aller,8
2099,301,4,ja,ja,399,Adv,Adv,C/V\,ADV,jà,3
2100,301,5,autrement,autrement,399,Adv,Adv,/V\.C/e\.'C/V\,ADV,autrement,9
2101,301,6,.,.,399,Pnc,Pnc,,PUNCT,.,9
2102,302,1,puis,puis,400,PrA,PrA,C/V\,ADV,puis,8
2103,302,2,que,que,400,Sub,Sub,C/(e)\,SCONJ,que,3
2104,302,3,tu,tu,400,Prn,Prn$,C/V\,PRON,tu,8
2105,302,4,ne,ne,400,Neg,Neg$$,C/(e)\,ADV,ne,8
2106,302,5,veus,veus,400,Vfin,Vfin,C/V\,VERB,vouloir,3
2107,302,6,deviner,deviner,400,Vinf,Vinf,C/V\.C/V\.'C/V\,VERB,deviner,9
2108,302,7,",",",",400,Pnc,Pnc,,PUNCT,",",9
2109,303,1,il,il,401,Prn,Prn$,/V\,PRON,il,9
2110,303,2,te,te,401,Prn,Prn$$,C/(e)\,PRON,te,3
2111,303,3,covient,covient,401,Vfin,Vfin,C/V\.'C/V\,VERB,convenir,9
2112,303,4,au,au,401,Pre+Det,Pre+Det,/V\,ADP.DET,à.le,3
2113,303,5,roy,roy,401,N,N,C/V\,NOUN,roi,3
2114,303,6,parler,parler,401,Vinf,Vinf,C/V\.'C/V\,VERB,parler,9
2115,303,7,.,.,401,Pnc,Pnc,,PUNCT,.,9
2116,304,1,(,(,402,Pnc,Pnc,,PUNCT,(,9
2117,304,2,parole,parole,402,N,N,C/V\.'C/V\.C/(e)\,NOUN,parole,8
2118,304,3,n',n',402,Neg,Neg$$,C/\,ADV,ne,8
2119,304,4,a,a,402,Vfin,Vfin,/V\,VERB,avoir,3
2120,304,5,parolé,parolé,402,Vpp,Vpp,C/V\.C/V\.'C/V\,VERB,parler,6
2121,304,6,.,.,402,Pnc,Pnc,,PUNCT,.,9
2122,304,7,),),402,Pnc,Pnc,,PUNCT,),9
2123,305,1,bien,bien,403,Adv,Adv,C/V\,ADV,bien,8
2124,305,2,voi,voi,403,Vfin,Vfin,C/V\,VERB,voir,3
2125,305,3,qu',qu',403,Sub,Sub,C/\,SCONJ,que,8
2126,305,4,i,i,403,Prn,Prn$,/V\,PRON,il,3
2127,305,5,ne,ne,403,Neg,Neg$$,C/(e)\,ADV,ne,8
2128,305,6,parlera,parlera,403,Vfin,Vfin,C/V\.C/e\.'C/V\,VERB,parler,9
2129,305,7,mie,mie,403,Neg,Neg,'C/V\./(e)\,ADV,mie,8
2130,305,8,.,.,403,Pnc,Pnc,,PUNCT,.,9
2131,306,1,tout,tout,404,QIs,QIs,C/V\,DET,tout,8
2132,306,2,ce,ce,404,Prn,Prn,C/(e)\,PRON,ce,3
2133,306,3,fait,fait,404,Vfin,Vfin,C/V\,VERB,faire,3
2134,306,4,il,il,404,Prn,Prn%,/V\,PRON,il,9
2135,306,5,par,par,404,Pre,Pre,C/V\,ADP,par,8
2136,306,6,felonie,felonie,404,N,N,C/V\.C/V\.'C/V\./(e)\,NOUN,félonie,9
2137,306,7,.,.,404,Pnc,Pnc,,PUNCT,.,9
2138,307,1,dame,dame,405,N,N,'C/V\.C/(e)\,NOUN,dame,8
2139,307,2,!,!,405,Pnc,Pnc,,PUNCT,!,3
2140,307,3,foy,foy,405,N,N,C/V\,NOUN,foi,3
2141,307,4,que,que,405,Qux,Qux,C/(e)\,PRON,que,8
2142,307,5,vous,vous,405,Prn,Prn$,C/V\,PRON,vous,8
2143,307,6,me,me,405,Prn,Prn$$,C/(e)\,PRON,je,3
2144,307,7,devez,devez,405,Vfin,Vfin,C/V\.'C/V\,VERB,devoir,3
2145,307,8,",",",",405,Pnc,Pnc,,PUNCT,",",9
2146,308,1,conseilliez,conseilliez,406,Vfin,Vfin,C/V\.C/V\.'C/V\,VERB,conseiller,8
2147,308,2,moy,moy,406,Prn,Prn%%,C/V\,PRON,moi,3
2148,308,3,",",",",406,Pnc,Pnc,,PUNCT,",",9
2149,308,4,se,se,406,Sub,Sub,C/(e)\,SCONJ,si,3
2150,308,5,vous,vous,406,Prn,Prn$,C/V\,PRON,vous,8
2151,308,6,savez,savez,406,Vfin,Vfin,C/V\.'C/V\,VERB,savoir,9
2152,308,7,",",",",406,Pnc,Pnc,,PUNCT,",",9
2153,309,1,que,que,407,Qux,Qux,C/(e)\,SCONJ,que,3
2154,309,2,je,je,407,Prn,Prn$,C/(e)\,PRON,je,9
2155,309,3,de,de,407,Pre,Pre,C/(e)\,ADP,de,8
2156,309,4,ce,ce,407,Dem,Dem,C/(e)\,PRON,ce,3
2157,309,5,truant,truant,407,Adj,Adj,C/V\.'C/V\,VERB,truand,2
2158,309,6,ferai,ferai,407,Vfin,Vfin,C/V\.'C/V\,VERB,faire,3
2159,309,7,",",",",407,Pnc,Pnc,,PUNCT,",",9
2160,310,1,et,et,408,Crd,Crd,/V\,CCONJ,et,8
2161,310,2,comment,comment,408,Qux,Qux,C/V\.'C/V\,ADV,comment,8
2162,310,3,m',m',408,Prn,Prn$$,C/\,PRON,je,3
2163,310,4,en,en,408,Prn,Prn$$,/V\,PRON,en,3
2164,310,5,deliverrai,deliverrai,408,Vfin,Vfin,C/V\.C/V\.C/e\.'C/V\,VERB,délivrer,9
2165,310,6,.,.,408,Pnc,Pnc,,PUNCT,.,9
2166,311,1,biaus,biaus,409,Adj,Adj,C/V\,ADJ,beau,9
2167,311,2,douz,douz,409,Adj,Adj,C/V\,ADJ,doux,8
2168,311,3,sire,sire,409,N,N,'C/V\.C/(e)\,NOUN,sire,11
2169,311,4,",",",",409,Pnc,Pnc,,PUNCT,",",9
2170,311,5,or,or,409,Adv,Adv,/V\,ADV,or,8
2171,311,6,m',m',409,Prn,Prn$$,C/\,PRON,je,3
2172,311,7,entendez,entendez,409,Vfin,Vfin,/V\.C/V\.'C/V\,VERB,entendre,9
2173,312,1,le,le,410,Det,Det,C/(e)\,DET,le,8
2174,312,2,conseil,conseil,410,N,N,C/V\.'C/V\,NOUN,conseil,3
2175,312,3,",",",",410,Pnc,Pnc,,PUNCT,",",9
2176,312,4,se,se,410,Sub,Sub,C/(e)\,SCONJ,si,3
2177,312,5,vous,vous,410,Prn,Prn$,C/V\,PRON,vous,8
2178,312,6,le,le,410,Prn,Prn$$,C/(e)\,PRON,le,3
2179,312,7,volez,volez,410,Vfin,Vfin,C/V\.'C/V\,VERB,vouloir,3
2180,312,8,",",",",410,Pnc,Pnc,,PUNCT,",",9
2181,313,1,se,se,411,Sub,Sub,C/(e)\,SCONJ,si,3
2182,313,2,de,de,411,Pre,Pre,C/(e)\,ADP,de,8
2183,313,3,ce,ce,411,Prn,Prn,C/(e)\,PRON,ce,3
2184,313,4,croire,croire,411,Vinf,Vinf,'C/V\.C/(e)\,VERB,croire,9
2185,313,5,me,me,411,Prn,Prn$$,C/(e)\,PRON,je,3
2186,313,6,volez,volez,411,Vfin,Vfin,C/V\.'C/V\,VERB,vouloir,3
2187,313,7,:,:,411,Pnc,Pnc,,PUNCT,:,9
2188,314,1,a,a,412,Pre,Pre,/V\,ADP,à,3
2189,314,2,pilate,pilate,412,N,N,C/V\.'C/V\.C/(e)\,NOUN,Pilate,2
2190,314,3,le,le,412,Prn,Prn$$,C/(e)\,PRON,le,3
2191,314,4,renvoierez,renvoierez,412,Vfin,Vfin,C/V\.C/V\.C/e\.'C/V\,VERB,renvoyer,9
2192,314,5,",",",",412,Pnc,Pnc,,PUNCT,",",9
2193,315,1,et,et,413,Crd,Crd,/V\,CCONJ,et,8
2194,315,2,de,de,413,Pre,Pre,C/(e)\,ADP,de,8
2195,315,3,par,par,413,Pre,Pre,C/V\,ADP,par,8
2196,315,4,moy,moy,413,Prn,Prn,C/V\,PRON,moi,3
2197,315,5,vous,vous,413,Prn,Prn$,C/V\,PRON,vous,8
2198,315,6,li,li,413,Prn,Prn$$,C/V\,PRON,li,11
2199,315,7,direz,direz,413,Vfin,Vfin,C/V\.'C/V\,VERB,dire,9
2200,316,1,que,que,414,Sub,Sub,C/(e)\,SCONJ,que,3
2201,316,2,ce,ce,414,Dem,Dem,C/(e)\,PRON,ce,3
2202,316,3,truant,truant,414,Adj,Adj,C/V\.'C/V\,VERB,truand,2
2203,316,4,que,que,414,Qux,Qux,C/(e)\,SCONJ,que,3
2204,316,5,ci,ci,414,Adv,Adv,C/V\,ADV,ci,8
2205,316,6,veez,veez,414,Vfin,Vfin,C/(V)\.'/V\,VERB,voir,3
2206,317,1,face,face,415,Vfin,Vfin,'C/V\.C/(e)\,NOUN,face,3
2207,317,2,occirre,occirre,415,Vinf,Vinf,/V\.'C/V\.C/(e)\,VERB,occire,9
2208,317,3,et,et,415,Crd,Crd,/V\,CCONJ,et,8
2209,317,4,decopper,decopper,415,Vinf,Vinf,C/V\.C/V\.'C/V\,VERB,découper,9
2210,317,5,",",",",415,Pnc,Pnc,,PUNCT,",",9
2211,318,1,et,et,416,Crd,Crd,/V\,CCONJ,et,8
2212,318,2,si,si,416,Adv,Adv,C/V\,ADV,si,8
2213,318,3,ne,ne,416,Neg,Neg$$,C/(e)\,ADV,ne,8
2214,318,4,le,le,416,Prn,Prn$$,C/(e)\,PRON,le,3
2215,318,5,lesse,lesse,416,Vfin,Vfin,'C/V\.C/(e)\,VERB,laisser,3
2216,318,6,plus,plus,416,Adv,Adv,C/V\,ADV,plus,8
2217,318,7,regner,regner,416,Vinf,Vinf,C/V\.'C/V\,VERB,régner,3
2218,318,8,",",",",416,Pnc,Pnc,,PUNCT,",",9
2219,319,1,car,car,417,Crd,Crd,C/V\,CCONJ,car,8
2220,319,2,il,il,417,Prn,Prn$,/V\,PRON,il,9
2221,319,3,a,a,417,Vfin,Vfin,/V\,VERB,avoir,3
2222,319,4,bien,bien,417,Adv,Adv,C/V\,ADV,bien,8
2223,319,5,fait,fait,417,Vpp,Vpp,C/V\,VERB,faire,3
2224,319,6,",",",",417,Pnc,Pnc,,PUNCT,",",9
2225,319,7,se,se,417,Prn,Prn,C/(e)\,SCONJ,si,3
2226,319,8,me,me,417,Prn,Prn$$,C/(e)\,PRON,je,3
2227,319,9,semble,semble,417,Vfin,Vfin,'C/V\.C/(e)\,VERB,sembler,8
2228,319,10,",",",",417,Pnc,Pnc,,PUNCT,",",9
2229,320,1,par,par,418,Pre,Pre,C/V\,ADP,par,8
2230,320,2,quoy,quoy,418,Qux,Qux,C/V\,PRON,quoi,3
2231,320,3,en,en,418,Prn,Prn$,/V\,PRON,on,3
2232,320,4,le,le,418,Prn,Prn$$,C/(e)\,PRON,le,3
2233,320,5,doit,doit,418,Vfin,Vfin,C/V\,VERB,devoir,3
2234,320,6,en,en,418,Pre,Pre,/V\,ADP,en,3
2235,320,7,la,la,418,Det,Det,C/V\,DET,le,3
2236,320,8,croys,croys,418,N,N,C/V\,NOUN,croix,9
2237,320,9,pendre,pendre,418,Vinf,Vinf,'C/V\.C/(e)\,VERB,pendre,9
2238,320,10,.,.,418,Pnc,Pnc,,PUNCT,.,9
2239,321,1,regardez,regardez,419,Vfin,Vfin,C/V\.C/V\.'C/V\,VERB,regarder,9
2240,321,2,le,le,419,Det,Det,C/(e)\,DET,le,8
2241,321,3,truant,truant,419,Adj,Adj,C/V\.'C/V\,VERB,truand,2
2242,321,4,pelart,pelart,419,N,N,C/V\.'C/V\,NOUN,pélard,-10
2243,322,1,comme,comme,420,Sub,Sub,'C/V\.C/(e)\,SCONJ,comme,8
2244,322,2,il,il,420,Prn,Prn$,/V\,PRON,il,9
2245,322,3,me,me,420,Prn,Prn$$,C/(e)\,PRON,je,3
2246,322,4,fait,fait,420,Vfin,Vfin,C/V\,VERB,faire,3
2247,322,5,le,le,420,Det,Det,C/(e)\,DET,le,8
2248,322,6,papelart,papelart,420,N,N,C/V\.C/e\.'C/V\,NOUN,papelard,6
2249,322,7,!,!,420,Pnc,Pnc,,PUNCT,!,3
2250,323,1,mais,mais,421,Crd,Crd,C/V\,CCONJ,mais,8
2251,323,2,en,en,421,Pre,Pre,/V\,ADP,en,3
2252,323,3,mal,mal,421,Adj,Adj,C/V\,ADJ,mal,8
2253,323,4,feu,feu,421,N,N,C/V\,NOUN,feu,3
2254,323,5,soit,soit,421,Vfin,Vfin,C/V\,VERB,être,3
2255,323,6,son,son,421,Det,Det,C/V\,DET,son,8
2256,323,7,cors,cors,421,N,N,C/V\,NOUN,corps,3
2257,323,8,ars,ars,421,Vpp,Vpp,/V\,VERB,ardre,8
2258,324,1,et,et,422,Crd,Crd,/V\,CCONJ,et,8
2259,324,2,alumés,alumés,422,Vpp,Vpp,/V\.C/V\.'C/V\,VERB,allumer,9
2260,324,3,de,de,422,Pre,Pre,C/(e)\,ADP,de,8
2261,324,4,toutes,toutes,422,QIs,QIs,'C/V\.C/e\,DET,tout,3
2262,324,5,pars,pars,422,N,N,C/V\,NOUN,part,3
2263,324,6,",",",",422,Pnc,Pnc,,PUNCT,",",9
2264,325,1,que,que,423,Crd,Crd,C/(e)\,SCONJ,que,3
2265,325,2,ja,ja,423,Adv,Adv,C/V\,ADV,jà,3
2266,325,3,pour,pour,423,Pre,Pre,C/V\,ADP,pour,9
2267,325,4,sa,sa,423,Det,Det,C/V\,DET,son,8
2268,325,5,truanderie,truanderie,423,N,N,C/V\.C/V\.C/e\.'C/V\./(e)\,NOUN,truanderie,9
2269,326,1,ne,ne,424,Neg,Neg$$,C/(e)\,ADV,ne,8
2270,326,2,demorra,demorra,424,Vfin,Vfin,C/V\.C/V\.'C/V\,VERB,demeurer,9
2271,326,3,qu',qu',424,Sub,Sub,C/\,SCONJ,que,8
2272,326,4,en,en,424,Prn,Prn$,/V\,PRON,on,3
2273,326,5,ne,ne,424,Neg,Neg$$,C/(e)\,ADV,ne,8
2274,326,6,l',l',424,Prn,Prn$$,C/\,PRON,il,3
2275,326,7,ocie,ocie,424,Vfin,Vfin,/V\.'C/V\./(e)\,VERB,occire,9
2276,326,8,.,.,424,Pnc,Pnc,,PUNCT,.,9
2277,327,1,mais,mais,425,Crd,Crd,C/V\,CCONJ,mais,8
2278,327,2,plus,plus,425,Adv,Adv,C/V\,ADV,plus,8
2279,327,3,de,de,425,Pre,Pre,C/(e)\,ADP,de,8
2280,327,4,mal,mal,425,N,N,C/V\,NOUN,mal,8
2281,327,5,li,li,425,Prn,Prn$$,C/V\,PRON,li,11
2282,327,6,face,face,425,Vfin,Vfin,'C/V\.C/(e)\,VERB,faire,8
2283,327,7,l',l',425,Det,Det,C/\,DET,le,8
2284,327,8,on,on,425,Prn,Prn,/V\,PRON,on,3
2285,328,1,qu',qu',426,Sub,Sub,C/\,SCONJ,que,8
2286,328,2,en,en,426,Prn,Prn$,/V\,PRON,on,3
2287,328,3,ne,ne,426,Neg,Neg$$,C/(e)\,ADV,ne,8
2288,328,4,feroit,feroit,426,Vfin,Vfin,C/V\.'C/V\,VERB,faire,3
2289,328,5,a,a,426,Pre,Pre,/V\,ADP,à,3
2290,328,6,nul,nul,426,QIs,QIs,C/V\,DET,nul,8
2291,328,7,larron,larron,426,N,N,C/V\.'C/V\,NOUN,larron,9
2292,328,8,",",",",426,Pnc,Pnc,,PUNCT,",",9
2293,329,1,car,car,427,Crd,Crd,C/V\,CCONJ,car,8
2294,329,2,se,se,427,Sub,Sub,C/(e)\,SCONJ,si,3
2295,329,3,vivre,vivre,427,Vinf,Vinf,'C/V\.C/(e)\,VERB,vivre,8
2296,329,4,l',l',427,Det,Det,C/\,DET,le,8
2297,329,5,en,en,427,Prn,Prn$,/V\,PRON,on,3
2298,329,6,le,le,427,Prn,Prn$$,C/(e)\,PRON,le,3
2299,329,7,lessoit,lessoit,427,Vfin,Vfin,C/V\.'C/V\,VERB,laisser,9
2300,329,8,",",",",427,Pnc,Pnc,,PUNCT,",",9
2301,330,1,toute,toute,428,QIs,QIs,'C/V\.C/(e)\,DET,tout,8
2302,330,2,nostre,nostre,428,Det,Det,'C/V\.C/(e)\,DET,notre,8
2303,330,3,gent,gent,428,N,N,C/V\,NOUN,gent,3
2304,330,4,destruiroit,destruiroit,428,Vfin,Vfin,C/V\.C/V\.'C/V\,VERB,détruire,9
2305,331,1,et,et,429,Crd,Crd,/V\,CCONJ,et,8
2306,331,2,la,la,429,Det,Det,C/V\,DET,le,3
2307,331,3,nostre,nostre,429,Adj,Adj,'C/V\.C/(e)\,ADJ,notre,8
2308,331,4,loy,loy,429,N,N,C/V\,NOUN,loi,8
2309,331,5,abatroit,abatroit,429,Vfin,Vfin,/V\.C/V\.'C/V\,VERB,abattre,9
2310,331,6,.,.,429,Pnc,Pnc,,PUNCT,.,9
2311,332,1,faites,faites,430,Vfin,Vfin,'C/V\.C/e\,VERB,faire,9
2312,332,2,en,en,430,Prn,Prn%%,/V\,ADP,en,3
2313,332,3,ce,ce,430,Prn,Prn%%,C/(e)\,PRON,ce,3
2314,332,4,",",",",430,Pnc,Pnc,,PUNCT,",",9
2315,332,5,je,je,430,Prn,Prn$,C/(e)\,PRON,je,9
2316,332,6,vous,vous,430,Prn,Prn$$,C/V\,PRON,vous,8
2317,332,7,en,en,430,Prn,Prn$$,/V\,PRON,en,3
2318,332,8,proy,proy,430,Vfin,Vfin,C/V\,VERB,prier,9
2319,332,9,",",",",430,Pnc,Pnc,,PUNCT,",",9
2320,333,1,trop,trop,431,Adv,Adv,C/V\,ADV,trop,8
2321,333,2,a,a,431,Vfin,Vfin,/V\,VERB,avoir,3
2322,333,3,meffait,meffait,431,Vpp,Vpp,C/V\.'C/V\,NOUN,méfait,8
2323,333,4,",",",",431,Pnc,Pnc,,PUNCT,",",9
2324,333,5,morir,morir,431,Vinf,Vinf,C/V\.'C/V\,VERB,mourir,9
2325,333,6,en,en,431,Prn,Prn$$,/V\,PRON,en,3
2326,333,7,doit,doit,431,Vfin,Vfin,C/V\,VERB,devoir,3
2327,333,8,.,.,431,Pnc,Pnc,,PUNCT,.,9
2328,334,1,dame,dame,432,N,N,'C/V\.C/(e)\,NOUN,dame,8
2329,334,2,!,!,432,Pnc,Pnc,,PUNCT,!,3
2330,334,3,foy,foy,432,N,N,C/V\,NOUN,foi,3
2331,334,4,que,que,432,Qux,Qux,C/(e)\,PRON,que,8
2332,334,5,nous,nous,432,Prn,Prn$,C/V\,PRON,nous,8
2333,334,6,vous,vous,432,Prn,Prn$$,C/V\,PRON,vous,8
2334,334,7,devons,devons,432,Vfin,Vfin,C/V\.'C/V\,VERB,devoir,9
2335,334,8,",",",",432,Pnc,Pnc,,PUNCT,",",9
2336,335,1,puis,puis,433,PrA,PrA,C/V\,ADV,puis,8
2337,335,2,qu',qu',433,Sub,Sub,C/\,SCONJ,que,8
2338,335,3,il,il,433,Prn,Prn$,/V\,PRON,il,9
2339,335,4,vous,vous,433,Prn,Prn$$,C/V\,PRON,vous,8
2340,335,5,plait,plait,433,Vfin,Vfin,C/V\,VERB,player,0
2341,335,6,",",",",433,Pnc,Pnc,,PUNCT,",",9
2342,335,7,nous,nous,433,Prn,Prn$,C/V\,PRON,nous,8
2343,335,8,le,le,433,Prn,Prn$$,C/(e)\,PRON,le,3
2344,335,9,ferons,ferons,433,Vfin,Vfin,C/V\.'C/V\,VERB,faire,3
2345,335,10,.,.,433,Pnc,Pnc,,PUNCT,.,9
2346,336,1,je,je,434,Prn,Prn$,C/(e)\,PRON,je,9
2347,336,2,l',l',434,Prn,Prn$$,C/\,PRON,il,3
2348,336,3,i,i,434,Prn,Prn$$,/V\,PRON,y,3
2349,336,4,envoierai,envoierai,434,Vfin,Vfin,/V\.C/V\.C/e\.'C/V\,VERB,envoyer,9
2350,336,5,le,le,434,Det,Det,C/(e)\,DET,le,8
2351,336,6,pas,pas,434,N,N,C/V\,NOUN,pas,8
2352,337,1,par,par,435,Pre,Pre,C/V\,ADP,par,8
2353,337,2,ce,ce,435,Dem,Dem,C/(e)\,DET,ce,8
2354,337,3,juif,juif,435,N,N,C/V\.'C/V\,NOUN,juif,8
2355,337,4,et,et,435,Crd,Crd,/V\,CCONJ,et,8
2356,337,5,par,par,435,Pre,Pre,C/V\,ADP,par,8
2357,337,6,annas,annas,435,N,N,/V\.'C/V\,NOUN,anne,-10
2358,337,7,.,.,435,Pnc,Pnc,,PUNCT,.,9
2359,338,1,vous,vous,436,Prn,Prn$,C/V\,PRON,vous,8
2360,338,2,dites,dites,436,Vfin,Vfin,'C/V\.C/e\,VERB,dire,8
2361,338,3,bien,bien,436,Adv,Adv,C/V\,ADV,bien,8
2362,338,4,",",",",436,Pnc,Pnc,,PUNCT,",",9
2363,338,5,je,je,436,Prn,Prn$,C/(e)\,PRON,je,9
2364,338,6,m',m',436,Prn,Prn$$,C/\,PRON,je,3
2365,338,7,i,i,436,Prn,Prn$$,/V\,PRON,y,3
2366,338,8,otroy,otroy,436,Vfin,Vfin,/V\.'C/V\,VERB,octroyer,8
2367,338,9,.,.,436,Pnc,Pnc,,PUNCT,.,9
2368,339,1,trop,trop,437,Adv,Adv,C/V\,ADV,trop,8
2369,339,2,me,me,437,Prn,Prn$$,C/(e)\,PRON,je,3
2370,339,3,grieve,grieve,437,Vfin,Vfin,'C/V\.C/(e)\,VERB,grever,8
2371,339,4,quant,quant,437,Sub,Sub,C/V\,SCONJ,quand,3
2372,339,5,je,je,437,Prn,Prn$,C/(e)\,PRON,je,9
2373,339,6,le,le,437,Prn,Prn$$,C/(e)\,PRON,le,3
2374,339,7,voy,voy,437,Vfin,Vfin,C/V\,VERB,voir,3
2375,339,8,.,.,437,Pnc,Pnc,,PUNCT,.,9
2376,340,1,or,or,438,Adv,Adv,/V\,ADV,or,8
2377,340,2,l',l',438,Prn,Prn$$,C/\,PRON,il,3
2378,340,3,en,en,438,Prn,Prn$$,/V\,PRON,en,3
2379,340,4,faites,faites,438,Vfin,Vfin,'C/V\.C/e\,VERB,faire,9
2380,340,5,remener,remener,438,Vinf,Vinf,C/V\.C/e\.'C/V\,VERB,remener,9
2381,340,6,tost,tost,438,Adv,Adv,C/V\,ADV,tôt,3
2382,341,1,a,a,439,Pre,Pre,/V\,ADP,à,3
2383,341,2,pylatre,pylatre,439,N,N,C/V\.'C/V\.C/(e)\,NOUN,pilatre,-10
2384,341,3,",",",",439,Pnc,Pnc,,PUNCT,",",9
2385,341,4,vostre,vostre,439,Det,Det,'C/V\.C/(e)\,DET,votre,8
2386,341,5,prevost,prevost,439,N,N,C/V\.'C/V\,NOUN,prévôt,9
2387,341,6,",",",",439,Pnc,Pnc,,PUNCT,",",9
2388,342,1,et,et,440,Crd,Crd,/V\,CCONJ,et,8
2389,342,2,li,li,440,Prn,Prn$$,C/V\,PRON,li,11
2390,342,3,mandez,mandez,440,Vfin,Vfin,C/V\.'C/V\,VERB,mander,8
2391,342,4,que,que,440,Sub,Sub,C/(e)\,SCONJ,que,3
2392,342,5,i,i,440,Prn,Prn$,/V\,PRON,il,3
2393,342,6,l',l',440,Prn,Prn$$,C/\,PRON,il,3
2394,342,7,ocie,ocie,440,Vfin,Vfin,/V\.'C/V\./(e)\,VERB,occire,9
2395,342,8,",",",",440,Pnc,Pnc,,PUNCT,",",9
2396,343,1,que,que,441,Sub,Sub,C/(e)\,CCONJ,que,8
2397,343,2,pour,pour,441,Pre,Pre,C/V\,ADP,pour,9
2398,343,3,rien,rien,441,N,N,C/V\,PRON,rien,8
2399,343,4,ne,ne,441,Neg,Neg$$,C/(e)\,ADV,ne,8
2400,343,5,le,le,441,Prn,Prn$$,C/(e)\,PRON,le,3
2401,343,6,renvoit,renvoit,441,Vfin,Vfin,C/V\.'C/V\,VERB,renvoyer,9
2402,343,7,mie,mie,441,Neg,Neg,'C/V\./(e)\,ADV,mie,8
2403,343,8,.,.,441,Pnc,Pnc,,PUNCT,.,9
2404,344,1,faites,faites,442,Vfin,Vfin,'C/V\.C/e\,VERB,faire,9
2405,344,2,qu',qu',442,Sub,Sub,C/\,SCONJ,que,8
2406,344,3,il,il,442,Prn,Prn$,/V\,PRON,il,9
2407,344,4,soit,soit,442,Vfin,Vfin,C/V\,VERB,être,3
2408,344,5,tost,tost,442,Adv,Adv,C/V\,ADV,tôt,3
2409,344,6,ramenez,ramenez,442,Vpp,Vpp,C/V\.C/e\.'C/V\,VERB,ramener,9
2410,344,7,.,.,442,Pnc,Pnc,,PUNCT,.,9
2411,345,1,annas,annas,443,N,N,/V\.'C/V\,NOUN,anne,-10
2412,345,2,",",",",443,Pnc,Pnc,,PUNCT,",",9
2413,345,3,venez,venez,443,Vfin,Vfin,C/V\.'C/V\,VERB,venir,3
2414,345,4,ca,ca,443,Adv,Adv,C/V\,ADV,çà,9
2415,345,5,",",",",443,Pnc,Pnc,,PUNCT,",",9
2416,345,6,tost,tost,443,Adv,Adv,C/V\,ADV,tôt,3
2417,345,7,alez,alez,443,Vfin,Vfin,/V\.'C/V\,VERB,aller,8
2418,346,1,a,a,444,Pre,Pre,/V\,ADP,à,3
2419,346,2,pilate,pilate,444,N,N,C/V\.'C/V\.C/(e)\,NOUN,Pilate,2
2420,346,3,",",",",444,Pnc,Pnc,,PUNCT,",",9
2421,346,4,puis,puis,444,PrA,PrA,C/V\,ADV,puis,8
2422,346,5,li,li,444,Prn,Prn$$,C/V\,PRON,li,11
2423,346,6,direz,direz,444,Vfin,Vfin,C/V\.'C/V\,VERB,dire,9
2424,347,1,que,que,445,Sub,Sub,C/(e)\,SCONJ,que,3
2425,347,2,ce,ce,445,Dem,Dem,C/(e)\,PRON,ce,3
2426,347,3,truant,truant,445,Adj,Adj,C/V\.'C/V\,VERB,truand,2
2427,347,4,que,que,445,Qux,Qux,C/(e)\,SCONJ,que,3
2428,347,5,ci,ci,445,Adv,Adv,C/V\,ADV,ci,8
2429,347,6,veez,veez,445,Vfin,Vfin,C/(V)\.'/V\,VERB,voir,3
2430,348,1,qu',qu',446,Sub,Sub,C/\,SCONJ,que,8
2431,348,2,il,il,446,Prn,Prn$,/V\,PRON,il,9
2432,348,3,en,en,446,Prn,Prn$$,/V\,PRON,en,3
2433,348,4,face,face,446,Vfin,Vfin,'C/V\.C/(e)\,VERB,faire,8
2434,348,5,tout,tout,446,QIs,QIs,C/V\,DET,tout,8
2435,348,6,son,son,446,Det,Det,C/V\,DET,son,8
2436,348,7,talent,talent,446,N,N,C/V\.'C/V\,NOUN,talent,9
2437,348,8,.,.,446,Pnc,Pnc,,PUNCT,.,9
2438,349,1,perdonré,perdonré,447,Vfin,Vfin,C/V\.C/V\.'C/V\,VERB,perdonner,-10
2439,349,2,li,li,447,Prn,Prn%%,C/V\,PRON,li,11
2440,349,3,mon,mon,447,Det,Det,C/V\,DET,mon,8
2441,349,4,mal,mal,447,Adj,Adj,C/V\,ADJ,mal,8
2442,349,5,talent,talent,447,N,N,C/V\.'C/V\,NOUN,talent,9
2443,349,6,.,.,447,Pnc,Pnc,,PUNCT,.,9
2444,350,1,sire,sire,448,N,N,'C/V\.C/(e)\,NOUN,sire,11
2445,350,2,pylate,pylate,448,N,N,C/V\.'C/V\.C/(e)\,ADJ,Pilate,2
2446,350,3,",",",",448,Pnc,Pnc,,PUNCT,",",9
2447,350,4,reveez,reveez,448,Vfin,Vfin,C/V\.C/(V)\.'/V\,VERB,revoir,0
2448,350,5,ci,ci,448,Adv,Adv,C/V\,ADV,ci,8
2449,351,1,le,le,449,Det,Det,C/(e)\,DET,le,8
2450,351,2,faus,faus,449,Adj,Adj,C/V\,ADJ,faux,3
2451,351,3,truant,truant,449,Adj,Adj,C/V\.'C/V\,NOUN,truand,6
2452,351,4,que,que,449,Qux,Qux,C/(e)\,PRON,que,8
2453,351,5,ramains,ramains,449,Vfin,Vfin,C/V\.'C/V\,VERB,ramain,2
2454,351,6,ci,ci,449,Adv,Adv,C/V\,ADV,ci,8
2455,351,7,.,.,449,Pnc,Pnc,,PUNCT,.,9
2456,352,1,herode,herode,450,N,N,/V\.'C/V\.C/(e)\,NOUN,hérode,8
2457,352,2,",",",",450,Pnc,Pnc,,PUNCT,",",9
2458,352,3,sire,sire,450,N,N,'C/V\.C/(e)\,NOUN,sire,11
2459,352,4,",",",",450,Pnc,Pnc,,PUNCT,",",9
2460,352,5,vous,vous,450,Prn,Prn$$,C/V\,PRON,vous,8
2461,352,6,salue,salue,450,Vfin,Vfin,C/V\.'C/V\./(e)\,VERB,saluer,9
2462,352,7,et,et,450,Crd,Crd,/V\,CCONJ,et,8
2463,352,8,pardonne,pardonne,450,Vfin,Vfin,C/V\.'C/V\.C/(e)\,VERB,pardonner,9
2464,352,9,",",",",450,Pnc,Pnc,,PUNCT,",",9
2465,353,1,et,et,451,Crd,Crd,/V\,CCONJ,et,8
2466,353,2,ce,ce,451,Dem,Dem,C/(e)\,PRON,ce,3
2467,353,3,truant,truant,451,Adj,Adj,C/V\.'C/V\,VERB,truand,2
2468,353,4,vous,vous,451,Prn,Prn$$,C/V\,PRON,vous,8
2469,353,5,abandonne,abandonne,451,Vfin,Vfin,/V\.C/V\.'C/V\.C/(e)\,VERB,abandonner,9
2470,353,6,.,.,451,Pnc,Pnc,,PUNCT,.,9
2471,354,1,mout,mout,452,QIs,QIs,C/V\,ADV,moult,8
2472,354,2,i,i,452,Prn,Prn$$,/V\,PRON,y,3
2473,354,3,a,a,452,Vfin,Vfin,/V\,VERB,avoir,3
2474,354,4,trouvé,trouvé,452,Vpp,Vpp,C/V\.'C/V\,VERB,trouver,9
2475,354,5,cruauté,cruauté,452,N,N,C/V\.C/V\.'C/V\,NOUN,cruauté,9
2476,354,6,",",",",452,Pnc,Pnc,,PUNCT,",",9
2477,355,1,conchiement,conchiement,453,N,N,C/V\.C/V\.C/e\.'C/V\,NOUN,conchiement,9
2478,355,2,et,et,453,Crd,Crd,/V\,CCONJ,et,8
2479,355,3,fauseté,fauseté,453,N,N,C/V\.C/e\.'C/V\,NOUN,fausseté,9
2480,355,4,.,.,453,Pnc,Pnc,,PUNCT,.,9
2481,356,1,or,or,454,Adv,Adv,/V\,ADV,or,8
2482,356,2,faites,faites,454,Vfin,Vfin,'C/V\.C/e\,VERB,faire,9
2483,356,3,venir,venir,454,Vinf,Vinf,C/V\.'C/V\,VERB,venir,9
2484,356,4,devant,devant,454,PrA,PrA,C/V\.'C/V\,ADP,devant,8
2485,356,5,moy,moy,454,Prn,Prn,C/V\,PRON,moi,3
2486,357,1,trestouz,trestouz,455,QIs,QIs,C/V\.'C/V\,DET,trèstout,3
2487,357,2,les,les,455,Det,Det,C/V\,DET,le,8
2488,357,3,meitres,meitres,455,N,N,'C/V\.C/e\,NOUN,maître,5
2489,357,4,de,de,455,Pre,Pre,C/(e)\,ADP,de,8
2490,357,5,la,la,455,Det,Det,C/V\,DET,le,3
2491,357,6,loy,loy,455,N,N,C/V\,NOUN,loi,8
2492,357,7,.,.,455,Pnc,Pnc,,PUNCT,.,9
2493,358,1,las,las,456,Adj,Adj,C/V\,ADJ,las,8
2494,358,2,moy,moy,456,Prn,Prn,C/V\,PRON,moi,3
2495,358,3,chetis,chetis,456,Adj,Adj,C/V\.'C/V\,ADJ,chétif,9
2496,358,4,",",",",456,Pnc,Pnc,,PUNCT,",",9
2497,358,5,com,com,456,Sub,Sub,C/V\,ADV,comme,3
2498,358,6,sui,sui,456,Vfin,Vfin,C/V\,VERB,être,3
2499,358,7,dampnés,dampnés,456,Vpp,Vpp,C/V\.'C/V\,VERB,damner,9
2500,358,8,!,!,456,Pnc,Pnc,,PUNCT,!,3
2501,359,1,quant,quant,457,Sub,Sub,C/V\,SCONJ,quand,3
2502,359,2,mon,mon,457,Det,Det,C/V\,DET,mon,8
2503,359,3,seigneur,seigneur,457,N,N,C/V\.'C/V\,NOUN,seigneur,8
2504,359,4,ai,ai,457,Vfin,Vfin,/V\,VERB,avoir,8
2505,359,5,la,la,457,Det,Det,C/V\,DET,le,3
2506,359,6,mort,mort,457,N,N,C/V\,NOUN,mort,3
2507,359,7,livree,livree,457,Vpp,Vpp,C/V\.'C/V\./(e)\,VERB,livrer,8
2508,359,8,!,!,457,Pnc,Pnc,,PUNCT,!,3
2509,360,1,l',l',458,Det,Det,C/\,DET,le,8
2510,360,2,ame,ame,458,N,N,'/V\.C/(e)\,NOUN,âme,3
2511,360,3,de,de,458,Pre,Pre,C/(e)\,ADP,de,8
2512,360,4,moy,moy,458,Prn,Prn,C/V\,PRON,moi,3
2513,360,5,en,en,458,Prn,Prn$$,/V\,PRON,en,3
2514,360,6,est,est,458,Vfin,Vfin,/V\,VERB,être,3
2515,360,7,dampnee,dampnee,458,Vpp,Vpp,C/V\.'C/V\./(e)\,VERB,damner,9
2516,360,8,.,.,458,Pnc,Pnc,,PUNCT,.,9
2517,361,1,je,je,459,Prn,Prn$,C/(e)\,PRON,je,9
2518,361,2,l',l',459,Prn,Prn$$,C/\,PRON,il,3
2519,361,3,ai,ai,459,Vfin,Vfin,/V\,VERB,avoir,8
2520,361,4,vendu,vendu,459,Vpp,Vpp,C/V\.'C/V\,VERB,vendre,9
2521,361,5,par,par,459,Pre,Pre,C/V\,ADP,par,8
2522,361,6,traison,traison,459,N,N,C/V\.C/V\.'C/V\,NOUN,trahison,6
2523,361,7,.,.,459,Pnc,Pnc,,PUNCT,.,9
2524,362,1,certes,certes,460,Adv,Adv,'C/V\.C/e\,ADV,certes,8
2525,362,2,j',j',460,Prn,Prn$,C/\,PRON,je,9
2526,362,3,avrai,avrai,460,Vfin,Vfin,/V\.'C/V\,VERB,avoir,9
2527,362,4,mal,mal,460,Adj,Adj,C/V\,ADJ,mal,8
2528,362,5,guerredon,guerredon,460,N,N,C/V\.C/e\.'C/V\,NOUN,guerdon,9
2529,362,6,.,.,460,Pnc,Pnc,,PUNCT,.,9
2530,363,1,seigneurs,seigneurs,461,N,N,C/V\.'C/V\,NOUN,seigneur,9
2531,363,2,juis,juis,461,N,N,C/V\.'C/V\,ADV,juis,-10
2532,363,3,",",",",461,Pnc,Pnc,,PUNCT,",",9
2533,363,4,pour,pour,461,Pre,Pre,C/V\,ADP,pour,9
2534,363,5,dieu,dieu,461,N,N,C/V\,PROPN,Dieu,3
2535,363,6,tenez,tenez,461,Vfin,Vfin,C/V\.'C/V\,VERB,tenir,9
2536,364,1,touz,touz,462,QIs,QIs,C/V\,DET,tout,11
2537,364,2,vos,vos,462,Det,Det,C/V\,DET,votre,8
2538,364,3,deniers,deniers,462,N,N,C/V\.C/<V>\.'/V\,NOUN,denier,9
2539,364,4,que,que,462,Qux,Qux,C/(e)\,PRON,que,8
2540,364,5,ce,ce,462,Prn,Prn,C/(e)\,PRON,ce,3
2541,364,6,veez,veez,462,Vfin,Vfin,C/(V)\.'/V\,VERB,voir,3
2542,364,7,!,!,462,Pnc,Pnc,,PUNCT,!,3
2543,365,1,trop,trop,463,Adv,Adv,C/V\,ADV,trop,8
2544,365,2,ai,ai,463,Vfin,Vfin,/V\,VERB,avoir,8
2545,365,3,pechié,pechié,463,N,N,C/V\.'C/V\,VERB,pécher,8
2546,365,4,a,a,463,Pre,Pre,/V\,ADP,à,3
2547,365,5,desmesure,desmesure,463,N,N,C/V\.C/V\.'C/V\.C/(e)\,NOUN,démesure,8
2548,365,6,",",",",463,Pnc,Pnc,,PUNCT,",",9
2549,366,1,jamais,jamais,464,Adv,Adv,C/V\.'C/V\,ADV,jamais,9
2550,366,2,diex,diex,464,N,N,C/V\,NOUN,dieu,8
2551,366,3,n',n',464,Neg,Neg$$,C/\,ADV,ne,8
2552,366,4,avra,avra,464,Vfin,Vfin,/V\.'C/V\,VERB,avoir,9
2553,366,5,de,de,464,Pre,Pre,C/(e)\,ADP,de,8
2554,366,6,moy,moy,464,Prn,Prn,C/V\,PRON,moi,3
2555,366,7,cure,cure,464,N,N,'C/V\.C/(e)\,NOUN,cure,3
2556,366,8,.,.,464,Pnc,Pnc,,PUNCT,.,9
2557,367,1,vostres,vostres,465,Adj,Adj,'C/V\.C/e\,ADJ,votre,8
2558,367,2,soient,soient,465,Vfin,Vfin,'C/V\./e\,VERB,être,3
2559,367,3,!,!,465,Pnc,Pnc,,PUNCT,!,3
2560,367,4,nul,nul,465,QIs,QIs,C/V\,PRON,nul,8
2561,367,5,n',n',465,Neg,Neg$$,C/\,ADV,ne,8
2562,367,6,en,en,465,Prn,Prn$$,/V\,PRON,en,3
2563,367,7,voulons,voulons,465,Vfin,Vfin,C/V\.'C/V\,VERB,vouloir,8
2564,367,8,",",",",465,Pnc,Pnc,,PUNCT,",",9
2565,368,1,jamais,jamais,466,Adv,Adv,C/V\.'C/V\,ADV,jamais,9
2566,368,2,denier,denier,466,N,N,C/V\.C/<V>\.'/V\,NOUN,denier,8
2567,368,3,n',n',466,Neg,Neg$$,C/\,ADV,ne,8
2568,368,4,en,en,466,Prn,Prn$$,/V\,PRON,en,3
2569,368,5,repenrrons,repenrrons,466,Vfin,Vfin,C/V\.C/V\.'C/V\,VERB,reprendre,6
2570,368,6,.,.,466,Pnc,Pnc,,PUNCT,.,9
2571,369,1,tenez,tenez,467,Vfin,Vfin,C/V\.'C/V\,VERB,tenir,9
2572,369,2,vos,vos,467,Det,Det,C/V\,DET,votre,8
2573,369,3,deniers,deniers,467,N,N,C/V\.C/<V>\.'/V\,NOUN,denier,9
2574,369,4,",",",",467,Pnc,Pnc,,PUNCT,",",9
2575,369,5,veez,veez,467,Vfin,Vfin,C/(V)\.'/V\,VERB,voir,3
2576,369,6,les,les,467,Prn,Prn%%,C/V\,PRON,le,3
2577,369,7,la,la,467,Adv,Adv,C/V\,ADV,là,8
2578,369,8,!,!,467,Pnc,Pnc,,PUNCT,!,3
2579,370,1,et,et,468,Crd,Crd,/V\,CCONJ,et,8
2580,370,2,je,je,468,Prn,Prn$,C/(e)\,PRON,je,9
2581,370,3,m',m',468,Prn,Prn$$,C/\,PRON,je,3
2582,370,4,en,en,468,Prn,Prn$$,/V\,PRON,en,3
2583,370,5,revois,revois,468,Vfin,Vfin,C/V\.'C/V\,VERB,raller,3
2584,370,6,par,par,468,Pre,Pre,C/V\,ADP,par,8
2585,370,7,deca,deca,468,PrA,PrA,C/e\.'C/V\,ADV,deça,3
2586,370,8,.,.,468,Pnc,Pnc,,PUNCT,.,9
2587,371,1,las,las,469,Adj,Adj,C/V\,ADJ,las,8
2588,371,2,chetiz,chetiz,469,Adj,Adj,C/V\.'C/V\,ADJ,chétif,9
2589,371,3,",",",",469,Pnc,Pnc,,PUNCT,",",9
2590,371,4,com,com,469,Sub,Sub,C/V\,ADV,comme,3
2591,371,5,sui,sui,469,Vfin,Vfin,C/V\,VERB,être,3
2592,371,6,esperdus,esperdus,469,Vpp,Vpp,/V\.C/V\.'C/V\,VERB,éperdre,8
2593,371,7,",",",",469,Pnc,Pnc,,PUNCT,",",9
2594,372,1,de,de,470,Pre,Pre,C/(e)\,ADP,de,8
2595,372,2,pechié,pechié,470,N,N,C/V\.'C/V\,NOUN,péché,8
2596,372,3,morz,morz,470,Vpp,Vpp,C/V\,VERB,mourir,3
2597,372,4,et,et,470,Crd,Crd,/V\,CCONJ,et,8
2598,372,5,confondus,confondus,470,Vpp,Vpp,C/V\.C/V\.'C/V\,VERB,confondre,9
2599,372,6,!,!,470,Pnc,Pnc,,PUNCT,!,3
2600,373,1,le,le,471,Det,Det,C/(e)\,DET,le,8
2601,373,2,monde,monde,471,N,N,'C/V\.C/(e)\,NOUN,monde,8
2602,373,3,de,de,471,Pre,Pre,C/(e)\,ADP,de,8
2603,373,4,moy,moy,471,Prn,Prn,C/V\,PRON,moi,3
2604,373,5,deliverrai,deliverrai,471,Vfin,Vfin,C/V\.C/V\.C/e\.'C/V\,VERB,délivrer,9
2605,373,6,",",",",471,Pnc,Pnc,,PUNCT,",",9
2606,374,1,a,a,472,Pre,Pre,/V\,ADP,à,3
2607,374,2,un,un,472,QIs,QIs,/V\,DET,un,3
2608,374,3,arbret,arbret,472,N,N,'/V\.C/(e)\,NOUN,arbret,9
2609,374,4,je,je,472,Prn,Prn$,C/(e)\,PRON,je,9
2610,374,5,me,me,472,Prn,Prn$$,C/(e)\,PRON,je,3
2611,374,6,pendrai,pendrai,472,Vfin,Vfin,C/V\.'C/V\,VERB,pendre,3
2612,375,1,de,de,473,Pre,Pre,C/(e)\,ADP,de,8
2613,375,2,ma,ma,473,Det,Det,C/V\,DET,mon,8
2614,375,3,courroie,courroie,473,N,N,C/V\.'C/V\./(e)\,NOUN,courroie,8
2615,375,4,maintenant,maintenant,473,Adv,Adv,C/V\.C/e\.'C/V\,ADV,maintenant,8
2616,375,5,.,.,473,Pnc,Pnc,,PUNCT,.,9
2617,376,1,a,a,474,Pre,Pre,/V\,ADP,à,3
2618,376,2,touz,touz,474,QIs,QIs,C/V\,DET,tout,11
2619,376,3,deables,deables,474,N,N,C/(V)\.'/V\.C/e\,NOUN,diable,9
2620,376,4,vous,vous,474,Prn,Prn$$,C/V\,PRON,vous,8
2621,376,5,commant,commant,474,Vfin,Vfin,C/V\.'C/V\,VERB,commander,8
2622,376,6,.,.,474,Pnc,Pnc,,PUNCT,.,9
2623,377,1,or,or,475,Adv,Adv,/V\,ADV,or,8
2624,377,2,oi,oi,475,Vfin,Vfin,/V\,VERB,avoir,3
2625,377,3,",",",",475,Pnc,Pnc,,PUNCT,",",9
2626,377,4,pierre,pierre,475,N,N,'C/V\.C/(e)\,NOUN,pierre,8
2627,377,5,",",",",475,Pnc,Pnc,,PUNCT,",",9
2628,377,6,biax,biax,475,Adj,Adj,C/V\,ADJ,beau,9
2629,377,7,douz,douz,475,Adj,Adj,C/V\,ADJ,doux,8
2630,377,8,amis,amis,475,N,N,/V\.'C/V\,NOUN,ami,3
2631,377,9,!,!,475,Pnc,Pnc,,PUNCT,!,3
2632,378,1,or,or,476,Adv,Adv,/V\,ADV,or,8
2633,378,2,nous,nous,476,Prn,Prn$$,C/V\,PRON,nous,8
2634,378,3,va,va,476,Vfin,Vfin,C/V\,VERB,aller,9
2635,378,4,bien,bien,476,Adv,Adv,C/V\,ADV,bien,8
2636,378,5,de,de,476,Pre,Pre,C/(e)\,ADP,de,8
2637,378,6,mal,mal,476,Adj,Adj,C/V\,NOUN,mal,8
2638,378,7,en,en,476,Pre,Pre,/V\,ADP,en,3
2639,378,8,pis,pis,476,Adv,Adv,C/V\,ADV,pis,8
2640,378,9,",",",",476,Pnc,Pnc,,PUNCT,",",9
2641,379,1,quant,quant,477,Sub,Sub,C/V\,SCONJ,quand,3
2642,379,2,nostre,nostre,477,Det,Det,'C/V\.C/(e)\,DET,notre,8
2643,379,3,maitre,maitre,477,N,N,'C/V\.C/(e)\,NOUN,maître,9
2644,379,4,avons,avons,477,Vfin,Vfin,/V\.'C/V\,VERB,avoir,9
2645,379,5,perdu,perdu,477,Vpp,Vpp,C/V\.'C/V\,VERB,perdre,8
2646,379,6,",",",",477,Pnc,Pnc,,PUNCT,",",9
2647,380,1,qui,qui,478,Qux,Qux,C/V\,PRON,qui,3
2648,380,2,bien,bien,478,Adv,Adv,C/V\,ADV,bien,8
2649,380,3,nous,nous,478,Prn,Prn$$,C/V\,PRON,nous,8
2650,380,4,avoit,avoit,478,Vfin,Vfin,/V\.'C/V\,VERB,avoir,3
2651,380,5,maintenu,maintenu,478,Vpp,Vpp,C/V\.C/e\.'C/V\,VERB,maintenir,9
2652,381,1,que,que,479,Sub,Sub,C/(e)\,SCONJ,que,3
2653,381,2,chacun,chacun,479,QIs,QIs,C/V\.'C/V\,PRON,chacun,8
2654,381,3,de,de,479,Pre,Pre,C/(e)\,ADP,de,8
2655,381,4,nous,nous,479,Prn,Prn,C/V\,PRON,nous,8
2656,381,5,s',s',479,Prn,Prn$$,C/\,PRON,se,3
2657,381,6,en,en,479,Prn,Prn$$,/V\,PRON,en,3
2658,381,7,fuiroit,fuiroit,479,Vfin,Vfin,C/V\.'C/V\,VERB,fuir,9
2659,382,1,aussi,aussi,480,Adv,Adv,/V\.'C/V\,ADV,aussi,9
2660,382,2,tost,tost,480,Adv,Adv,C/V\,ADV,tôt,3
2661,382,3,comme,comme,480,Sub,Sub,'C/V\.C/(e)\,SCONJ,comme,8
2662,382,4,pris,pris,480,Vpp,Vpp,C/V\,VERB,prendre,3
2663,382,5,seroit,seroit,480,Vfin,Vfin,C/V\.'C/V\,VERB,être,3
2664,382,6,.,.,480,Pnc,Pnc,,PUNCT,.,9
2665,383,1,las,las,481,Adj,Adj,C/V\,ADJ,las,8
2666,383,2,moy,moy,481,Prn,Prn,C/V\,PRON,moi,3
2667,383,3,",",",",481,Pnc,Pnc,,PUNCT,",",9
2668,383,4,com,com,481,Sub,Sub,C/V\,SCONJ,comme,8
2669,383,5,sommes,sommes,481,Vfin,Vfin,'C/V\.C/e\,VERB,être,3
2670,383,6,departi,departi,481,Vpp,Vpp,C/V\.C/V\.'C/V\,VERB,départir,9
2671,383,7,!,!,481,Pnc,Pnc,,PUNCT,!,3
2672,384,1,il,il,482,Prn,Prn$,/V\,PRON,il,9
2673,384,2,n',n',482,Neg,Neg$$,C/\,ADV,ne,8
2674,384,3,i,i,482,Prn,Prn$$,/V\,PRON,y,3
2675,384,4,a,a,482,Vfin,Vfin,/V\,VERB,avoir,3
2676,384,5,mais,mais,482,Adv,Adv,C/V\,ADV,mais,8
2677,384,6,que,que,482,Sub,Sub,C/(e)\,SCONJ,que,3
2678,384,7,moy,moy,482,Prn,Prn,C/V\,PRON,moi,3
2679,384,8,et,et,482,Crd,Crd,/V\,CCONJ,et,8
2680,384,9,ti,ti,482,Prn,Prn,C/V\,PRON,toi,3
2681,384,10,.,.,482,Pnc,Pnc,,PUNCT,.,9
2682,385,1,alons,alons,483,Vfin,Vfin,/V\.'C/V\,VERB,aller,9
2683,385,2,veoir,veoir,483,Vinf,Vinf,C/(V)\.'/V\,VERB,voir,3
2684,385,3,que,que,483,Qux,Qux,C/(e)\,PRON,que,8
2685,385,4,il,il,483,Prn,Prn$,/V\,PRON,il,9
2686,385,5,feront,feront,483,Vfin,Vfin,C/V\.'C/V\,VERB,faire,9
2687,386,1,de,de,484,Pre,Pre,C/(e)\,ADP,de,8
2688,386,2,nostre,nostre,484,Det,Det,'C/V\.C/(e)\,DET,notre,8
2689,386,3,seigneur,seigneur,484,N,N,C/V\.'C/V\,NOUN,seigneur,8
2690,386,4,que,que,484,Qux,Qux,C/(e)\,PRON,que,8
2691,386,5,pris,pris,484,Vpp,Vpp,C/V\,VERB,prendre,3
2692,386,6,ont,ont,484,Vfin,Vfin,/V\,VERB,avoir,8
2693,386,7,.,.,484,Pnc,Pnc,,PUNCT,.,9
2694,387,1,par,par,485,Pre,Pre,C/V\,ADP,par,8
2695,387,2,dieu,dieu,485,N,N,C/V\,NOUN,dieu,8
2696,387,3,",",",",485,Pnc,Pnc,,PUNCT,",",9
2697,387,4,volentiers,volentiers,485,Adv,Adv,C/V\.C/V\.'C/V\,ADV,volontiers,9
2698,387,5,i,i,485,Prn,Prn$$,/V\,PRON,y,3
2699,387,6,alasse,alasse,485,Vfin,Vfin,/V\.'C/V\.C/(e)\,VERB,aller,9
2700,387,7,",",",",485,Pnc,Pnc,,PUNCT,",",9
2701,388,1,se,se,486,Sub,Sub,C/(e)\,SCONJ,si,3
2702,388,2,pour,pour,486,Pre,Pre,C/V\,ADP,pour,9
2703,388,3,paour,paour,486,N,N,C/(V)\.'/V\,NOUN,peur,9
2704,388,4,ne,ne,486,Neg,Neg$$,C/(e)\,ADV,ne,8
2705,388,5,le,le,486,Prn,Prn$$,C/(e)\,PRON,le,3
2706,388,6,lessasse,lessasse,486,Vfin,Vfin,C/V\.'C/V\.C/(e)\,VERB,laisser,3
2707,388,7,.,.,486,Pnc,Pnc,,PUNCT,.,9
2708,389,1,mais,mais,487,Crd,Crd,C/V\,CCONJ,mais,8
2709,389,2,bien,bien,487,Adv,Adv,C/V\,ADV,bien,8
2710,389,3,sai,sai,487,Vfin,Vfin,C/V\,VERB,savoir,8
2711,389,4,se,se,487,Sub,Sub,C/(e)\,SCONJ,si,3
2712,389,5,il,il,487,Prn,Prn$,/V\,PRON,il,9
2713,389,6,nous,nous,487,Prn,Prn$$,C/V\,PRON,nous,8
2714,389,7,tenoient,tenoient,487,Vfin,Vfin,C/V\.'C/V\./e\,VERB,tenir,9
2715,389,8,",",",",487,Pnc,Pnc,,PUNCT,",",9
2716,390,1,avesques,avesques,488,PrA,PrA,/V\.'C/V\.C/e\,ADP,avec,8
2717,390,2,lui,lui,488,Prn,Prn,C/V\,PRON,lui,3
2718,390,3,il,il,488,Prn,Prn$,/V\,PRON,il,9
2719,390,4,nous,nous,488,Prn,Prn$$,C/V\,PRON,nous,8
2720,390,5,metroient,metroient,488,Vfin,Vfin,C/V\.'C/V\./e\,VERB,mettre,9
2721,390,6,.,.,488,Pnc,Pnc,,PUNCT,.,9
2722,391,1,et,et,489,Crd,Crd,/V\,CCONJ,et,8
2723,391,2,se,se,489,Sub,Sub,C/(e)\,SCONJ,si,3
2724,391,3,tu,tu,489,Prn,Prn$,C/V\,PRON,tu,8
2725,391,4,veus,veus,489,Vfin,Vfin,C/V\,VERB,vouloir,3
2726,391,5,",",",",489,Pnc,Pnc,,PUNCT,",",9
2727,391,6,tout,tout,489,QIs,QIs,C/V\,ADV,tout,8
2728,391,7,maintenant,maintenant,489,Adv,Adv,C/V\.C/e\.'C/V\,ADV,maintenant,8
2729,392,1,i,i,490,Prn,Prn$$,/V\,PRON,y,3
2730,392,2,alons,alons,490,Vfin,Vfin,/V\.'C/V\,VERB,aller,9
2731,392,3,.,.,490,Pnc,Pnc,,PUNCT,.,9
2732,392,4,a,a,490,Pre,Pre,/V\,ADP,à,3
2733,392,5,dieu,dieu,490,N,N,C/V\,PROPN,Dieu,3
2734,392,6,nous,nous,490,Prn,Prn$$,C/V\,PRON,nous,8
2735,392,7,commant,commant,490,Vfin,Vfin,C/V\.'C/V\,VERB,commander,8
2736,392,8,!,!,490,Pnc,Pnc,,PUNCT,!,3
2737,393,1,si,si,491,Adv,Adv,C/V\,ADV,si,8
2738,393,2,verrons,verrons,491,Vfin,Vfin,C/V\.'C/V\,VERB,voir,9
2739,393,3,que,que,491,Qux,Qux,C/(e)\,SCONJ,que,3
2740,393,4,en,en,491,Prn,Prn$,/V\,PRON,en,3
2741,393,5,en,en,491,Prn,Prn$$,/V\,PRON,en,3
2742,393,6,fera,fera,491,Vfin,Vfin,C/V\.'C/V\,VERB,faire,3
2743,394,1,et,et,492,Crd,Crd,/V\,CCONJ,et,8
2744,394,2,comment,comment,492,Qux,Qux,C/V\.'C/V\,ADV,comment,8
2745,394,3,en,en,492,Prn,Prn$,/V\,PRON,on,3
2746,394,4,le,le,492,Prn,Prn$$,C/(e)\,PRON,le,3
2747,394,5,demerra,demerra,492,Vfin,Vfin,C/V\.C/V\.'C/V\,VERB,démener,0
2748,394,6,.,.,492,Pnc,Pnc,,PUNCT,.,9
2749,395,1,volentiers,volentiers,493,Adv,Adv,C/V\.C/V\.'C/V\,ADV,volontiers,9
2750,395,2,",",",",493,Pnc,Pnc,,PUNCT,",",9
2751,395,3,amis,amis,493,N,N,/V\.'C/V\,NOUN,ami,3
2752,395,4,",",",",493,Pnc,Pnc,,PUNCT,",",9
2753,395,5,en,en,493,Pre,Pre,/V\,ADP,en,3
2754,395,6,nom,nom,493,N,N,C/V\,NOUN,nom,8
2755,395,7,dé,dé,493,N,N,C/V\,NOUN,dé,3
2756,395,8,",",",",493,Pnc,Pnc,,PUNCT,",",9
2757,396,1,puis,puis,494,PrA,PrA,C/V\,ADV,puis,8
2758,396,2,que,que,494,Sub,Sub,C/(e)\,SCONJ,que,3
2759,396,3,vous,vous,494,Prn,Prn$,C/V\,PRON,vous,8
2760,396,4,l',l',494,Prn,Prn$$,C/\,PRON,il,3
2761,396,5,avez,avez,494,Vfin,Vfin,/V\.'C/V\,VERB,avoir,8
2762,396,6,commandé,commandé,494,Vpp,Vpp,C/V\.C/V\.'C/V\,VERB,commander,9
2763,396,7,.,.,494,Pnc,Pnc,,PUNCT,.,9
2764,397,1,il,il,495,Prn,Prn$,/V\,PRON,il,9
2765,397,2,fait,fait,495,Vfin,Vfin,C/V\,VERB,faire,3
2766,397,3,froit,froit,495,N,N,C/V\,NOUN,froid,8
2767,397,4,",",",",495,Pnc,Pnc,,PUNCT,",",9
2768,397,5,alez,alez,495,Vfin,Vfin,/V\.'C/V\,VERB,aller,8
2769,397,6,vous,vous,495,Prn,Prn%$,C/V\,PRON,vous,8
2770,397,7,chaufer,chaufer,495,Vinf,Vinf,C/V\.'C/V\,VERB,chauffer,9
2771,397,8,",",",",495,Pnc,Pnc,,PUNCT,",",9
2772,398,1,et,et,496,Crd,Crd,/V\,CCONJ,et,8
2773,398,2,je,je,496,Prn,Prn$,C/(e)\,PRON,je,9
2774,398,3,irai,irai,496,Vfin,Vfin,/V\.'C/V\,VERB,aller,9
2775,398,4,entre,entre,496,PrA,PrA,'/V\.C/(e)\,ADP,entre,8
2776,398,5,eus,eus,496,Prn,Prn,/V\,PRON,eux,3
2777,398,6,escouter,escouter,496,Vinf,Vinf,/V\.C/V\.'C/V\,VERB,écouter,9
2778,399,1,que,que,497,Qux,Qux,C/(e)\,SCONJ,que,3
2779,399,2,eulz,eulz,497,Prn,Prn,/V\,PRON,eux,3
2780,399,3,de,de,497,Pre,Pre,C/(e)\,ADP,de,8
2781,399,4,mon,mon,497,Det,Det,C/V\,DET,mon,8
2782,399,5,seigneur,seigneur,497,N,N,C/V\.'C/V\,NOUN,seigneur,8
2783,399,6,feront,feront,497,Vfin,Vfin,C/V\.'C/V\,VERB,faire,9
2784,399,7,",",",",497,Pnc,Pnc,,PUNCT,",",9
2785,400,1,et,et,498,Crd,Crd,/V\,CCONJ,et,8
2786,400,2,comment,comment,498,Qux,Qux,C/V\.'C/V\,ADV,comment,8
2787,400,3,il,il,498,Prn,Prn$,/V\,PRON,il,9
2788,400,4,le,le,498,Prn,Prn$$,C/(e)\,PRON,le,3
2789,400,5,demerront,demerront,498,Vfin,Vfin,C/V\.C/V\.'C/V\,VERB,démettre,6
2790,401,1,or,or,499,Adv,Adv,/V\,ADV,or,8
2791,401,2,m',m',499,Prn,Prn$$,C/\,PRON,je,3
2792,401,3,atendez,atendez,499,Vfin,Vfin,/V\.C/V\.'C/V\,VERB,attendre,9
2793,401,4,et,et,499,Crd,Crd,/V\,CCONJ,et,8
2794,401,5,je,je,499,Prn,Prn$,C/(e)\,PRON,je,9
2795,401,6,irai,irai,499,Vfin,Vfin,/V\.'C/V\,VERB,aller,9
2796,402,1,et,et,500,Crd,Crd,/V\,CCONJ,et,8
2797,402,2,leur,leur,500,Det,Det,C/V\,DET,leur,8
2798,402,3,affaire,affaire,500,N,N,/V\.'C/V\.C/(e)\,NOUN,affaire,9
2799,402,4,vous,vous,500,Prn,Prn$$,C/V\,PRON,vous,8
2800,402,5,conterai,conterai,500,Vfin,Vfin,C/V\.C/e\.'C/V\,VERB,conter,9
2801,402,6,",",",",500,Pnc,Pnc,,PUNCT,",",9
2802,403,1,si,si,501,Adv,Adv,C/V\,ADV,si,8
2803,403,2,com,com,501,Sub,Sub,C/V\,SCONJ,comme,8
2804,403,3,je,je,501,Prn,Prn$,C/(e)\,PRON,je,9
2805,403,4,verrai,verrai,501,Vfin,Vfin,C/V\.'C/V\,VERB,voir,3
2806,403,5,demener,demener,501,Vinf,Vinf,C/V\.C/e\.'C/V\,VERB,démener,9
2807,403,6,.,.,501,Pnc,Pnc,,PUNCT,.,9
2808,404,1,n',n',502,Neg,Neg$$,C/\,ADV,ne,8
2809,404,2,i,i,502,Prn,Prn$$,/V\,PRON,y,3
2810,404,3,voudrai,voudrai,502,Vfin,Vfin,C/V\.'C/V\,VERB,vouloir,9
2811,404,4,gaires,gaires,502,Adv,Adv,'C/V\.C/e\,ADV,guère,3
2812,404,5,demorer,demorer,502,Vinf,Vinf,C/V\.C/V\.'C/V\,VERB,demeurer,9
2813,404,6,.,.,502,Pnc,Pnc,,PUNCT,.,9
2814,405,1,qui,qui,503,Qux,Qux,C/V\,PRON,qui,3
2815,405,2,es,es,503,Vfin,Vfin,/V\,VERB,être,3
2816,405,3,tu,tu,503,Prn,Prn%,C/V\,PRON,tu,8
2817,405,4,qui,qui,503,Qux,Qux,C/V\,PRON,qui,3
2818,405,5,nous,nous,503,Prn,Prn$$,C/V\,PRON,nous,8
2819,405,6,viens,viens,503,Vfin,Vfin,C/V\,VERB,venir,9
2820,405,7,espier,espier,503,Vinf,Vinf,/V\.C/{V}\.'/V\,VERB,épier,3
2821,405,8,?,?,503,Pnc,Pnc,,PUNCT,?,9
2822,406,1,ici,ici,504,Adv,Adv,/V\.'C/V\,ADV,ici,9
2823,406,2,te,te,504,Prn,Prn$$,C/(e)\,PRON,te,3
2824,406,3,covient,covient,504,Vfin,Vfin,C/V\.'C/V\,VERB,convenir,9
2825,406,4,detrier,detrier,504,Vinf,Vinf,C/V\.C/V\.'C/V\,VERB,détrier,9
2826,406,5,",",",",504,Pnc,Pnc,,PUNCT,",",9
2827,407,1,et,et,505,Crd,Crd,/V\,CCONJ,et,8
2828,407,2,si,si,505,Adv,Adv,C/V\,ADV,si,8
2829,407,3,nous,nous,505,Prn,Prn$$,C/V\,PRON,nous,8
2830,407,4,rendras,rendras,505,Vfin,Vfin,C/V\.'C/V\,VERB,rendre,9
2831,407,5,or,or,505,Adv,Adv,/V\,ADV,or,8
2832,407,6,raison,raison,505,N,N,C/V\.'C/V\,NOUN,raison,9
2833,408,1,pour,pour,506,Pre,Pre,C/V\,ADP,pour,9
2834,408,2,quoi,quoi,506,Qux,Qux,C/V\,PRON,quoi,3
2835,408,3,entras,entras,506,Vfin,Vfin,/V\.'C/V\,VERB,entrer,9
2836,408,4,en,en,506,Pre,Pre,/V\,ADP,en,3
2837,408,5,nostre,nostre,506,Det,Det,'C/V\.C/(e)\,DET,notre,8
2838,408,6,maison,maison,506,N,N,C/V\.'C/V\,NOUN,maison,3
2839,408,7,.,.,506,Pnc,Pnc,,PUNCT,.,9
2840,409,1,quant,quant,507,Sub,Sub,C/V\,SCONJ,quand,3
2841,409,2,sui,sui,507,Vfin,Vfin,C/V\,VERB,être,3
2842,409,3,eschapé,eschapé,507,Vpp,Vpp,/V\.C/V\.'C/V\,VERB,échapper,9
2843,409,4,",",",",507,Pnc,Pnc,,PUNCT,",",9
2844,409,5,moy,moy,507,Prn,Prn$$,C/V\,PRON,moi,3
2845,409,6,est,est,507,Vfin,Vfin,/V\,VERB,être,3
2846,409,7,bel,bel,507,Adj,Adj,C/V\,ADJ,beau,3
2847,409,8,!,!,507,Pnc,Pnc,,PUNCT,!,3
2848,410,1,miex,miex,508,Adv,Adv,C/V\,ADV,mieux,9
2849,410,2,aing,aing,508,Vfin,Vfin,/V\,VERB,aimer,8
2850,410,3,qu',qu',508,Sub,Sub,C/\,SCONJ,que,8
2851,410,4,il,il,508,Prn,Prn$,/V\,PRON,il,9
2852,410,5,aient,aient,508,Vfin,Vfin,'/V\./e\,VERB,avoir,9
2853,410,6,mon,mon,508,Det,Det,C/V\,DET,mon,8
2854,410,7,mentel,mentel,508,N,N,C/V\.'C/V\,NOUN,manteau,0
2855,410,8,",",",",508,Pnc,Pnc,,PUNCT,",",9
2856,411,1,les,les,509,Det,Det,C/V\,DET,le,8
2857,411,2,faus,faus,509,Adj,Adj,C/V\,ADJ,faux,3
2858,411,3,juif,juif,509,N,N,C/V\.'C/V\,NOUN,juif,8
2859,411,4,",",",",509,Pnc,Pnc,,PUNCT,",",9
2860,411,5,en,en,509,Pre,Pre,/V\,ADP,en,3
2861,411,6,leur,leur,509,Det,Det,C/V\,DET,leur,8
2862,411,7,ballie,ballie,509,N,N,C/V\.'C/V\./(e)\,NOUN,baillir,2
2863,412,1,que,que,510,Sub,Sub,C/(e)\,SCONJ,que,3
2864,412,2,ce,ce,510,Prn,Prn,C/(e)\,PRON,ce,3
2865,412,3,que,que,510,Sub,Sub,C/(e)\,PRON,que,8
2866,412,4,pardisse,pardisse,510,Vfin,Vfin,C/V\.'C/V\.C/(e)\,VERB,perdre,0
2867,412,5,la,la,510,Det,Det,C/V\,DET,le,3
2868,412,6,vie,vie,510,N,N,'C/V\./(e)\,NOUN,vie,3
2869,412,7,.,.,510,Pnc,Pnc,,PUNCT,.,9
2870,413,1,et,et,511,Crd,Crd,/V\,CCONJ,et,8
2871,413,2,tu,tu,511,Prn,Prn,C/V\,PRON,tu,8
2872,413,3,",",",",511,Pnc,Pnc,,PUNCT,",",9
2873,413,4,qui,qui,511,Qux,Qux,C/V\,PRON,qui,3
2874,413,5,es,es,511,Vfin,Vfin,/V\,VERB,être,3
2875,413,6,",",",",511,Pnc,Pnc,,PUNCT,",",9
2876,413,7,se,se,511,Sub,Sub,C/(e)\,SCONJ,si,3
2877,413,8,diex,diex,511,N,N,C/V\,NOUN,dieu,8
2878,413,9,t',t',511,Prn,Prn$$,C/\,PRON,te,3
2879,413,10,aït,aït,511,Vfin,Vfin,/V\.'C/V\,VERB,aider,9
2880,413,11,?,?,511,Pnc,Pnc,,PUNCT,?,9
2881,414,1,es,es,512,Vfin,Vfin,/V\,VERB,être,3
2882,414,2,tu,tu,512,Prn,Prn%,C/V\,PRON,tu,8
2883,414,3,des,des,512,Pre+Det,Pre+Det,C/V\,ADP.DET,de.le,3
2884,414,4,deciples,deciples,512,N,N,C/V\.'C/V\.C/e\,NOUN,disciple,9
2885,414,5,jhesucrit,jhesucrit,512,N,N,C/V\.C/V\.'C/V\,VERB,Jésus-Christ,2
2886,414,6,?,?,512,Pnc,Pnc,,PUNCT,?,9
2887,415,1,(,(,513,Pnc,Pnc,,PUNCT,(,9
2888,415,2,et,et,513,Crd,Crd,/V\,CCONJ,et,8
2889,415,3,lors,lors,513,Adv,Adv,C/V\,ADV,lors,8
2890,415,4,saint,saint,513,Adj,Adj,C/V\,ADJ,saint,8
2891,415,5,pierre,pierre,513,N,N,'C/V\.C/(e)\,NOUN,pierre,8
2892,415,6,respondi,respondi,513,Vfin,Vfin,C/V\.C/V\.'C/V\,VERB,répondre,9
2893,415,7,:,:,513,Pnc,Pnc,,PUNCT,:,9
2894,415,8,),),513,Pnc,Pnc,,PUNCT,),9
2895,416,1,gentil,gentil,514,Adj,Adj,C/V\.'C/V\,ADJ,gentil,8
2896,416,2,sire,sire,514,N,N,'C/V\.C/(e)\,NOUN,sire,11
2897,416,3,",",",",514,Pnc,Pnc,,PUNCT,",",9
2898,416,4,par,par,514,Pre,Pre,C/V\,ADP,par,8
2899,416,5,foy,foy,514,N,N,C/V\,NOUN,foi,3
2900,416,6,",",",",514,Pnc,Pnc,,PUNCT,",",9
2901,416,7,nenil,nenil,514,NVP,NVP,C/V\.'C/V\,ADV,nenni,9
2902,416,8,!,!,514,Pnc,Pnc,,PUNCT,!,3
2903,417,1,onques,onques,515,Adv,Adv,'/V\.C/e\,ADV,onques,9
2904,417,2,ne,ne,515,Neg,Neg$$,C/(e)\,ADV,ne,8
2905,417,3,le,le,515,Prn,Prn$$,C/(e)\,PRON,le,3
2906,417,4,vi,vi,515,Vfin,Vfin,C/V\,VERB,voir,3
2907,417,5,ne,ne,515,Crd,Crd,C/(e)\,CCONJ,ne,8
2908,417,6,il,il,515,Prn,Prn,/V\,PRON,il,9
2909,417,7,moy,moy,515,Prn,Prn,C/V\,PRON,moi,3
2910,417,8,",",",",515,Pnc,Pnc,,PUNCT,",",9
2911,418,1,foy,foy,516,N,N,C/V\,NOUN,foi,3
2912,418,2,que,que,516,Qux,Qux,C/(e)\,PRON,que,8
2913,418,3,je,je,516,Prn,Prn$,C/(e)\,PRON,je,9
2914,418,4,doy,doy,516,Vfin,Vfin,C/V\,VERB,devoir,8
2915,418,5,",",",",516,Pnc,Pnc,,PUNCT,",",9
2916,418,6,sire,sire,516,N,N,'C/V\.C/(e)\,NOUN,sire,11
2917,418,7,",",",",516,Pnc,Pnc,,PUNCT,",",9
2918,418,8,vo,vo,516,Det,Det,C/V\,DET,votre,8
2919,418,9,loy,loy,516,N,N,C/V\,NOUN,loi,8
2920,418,10,.,.,516,Pnc,Pnc,,PUNCT,.,9
2921,419,1,di,di,517,Vfin,Vfin,C/V\,VERB,dire,8
2922,419,2,va,va,517,Vfin,Vfin,C/V\,VERB,aller,9
2923,419,3,",",",",517,Pnc,Pnc,,PUNCT,",",9
2924,419,4,me,me,517,Prn,Prn$$,C/(e)\,PRON,je,3
2925,419,5,veus,veus,517,Vfin,Vfin,C/V\,VERB,vouloir,3
2926,419,6,tu,tu,517,Prn,Prn%,C/V\,PRON,tu,8
2927,419,7,avugler,avugler,517,Vinf,Vinf,/V\.C/V\.'C/V\,VERB,aveugler,9
2928,419,8,?,?,517,Pnc,Pnc,,PUNCT,?,9
2929,420,1,je,je,518,Prn,Prn$,C/(e)\,PRON,je,9
2930,420,2,t',t',518,Prn,Prn$$,C/\,PRON,te,3
2931,420,3,ai,ai,518,Vfin,Vfin,/V\,VERB,avoir,8
2932,420,4,veü,veü,518,Vpp,Vpp,C/(V)\.'/V\,VERB,voir,9
2933,420,5,a,a,518,Pre,Pre,/V\,ADP,à,3
2934,420,6,lui,lui,518,Prn,Prn,C/V\,PRON,lui,3
2935,420,7,parler,parler,518,Vinf,Vinf,C/V\.'C/V\,VERB,parler,9
2936,420,8,.,.,518,Pnc,Pnc,,PUNCT,.,9
2937,421,1,bien,bien,519,Adv,Adv,C/V\,ADV,bien,8
2938,421,2,te,te,519,Prn,Prn$$,C/(e)\,PRON,te,3
2939,421,3,conois,conois,519,Vfin,Vfin,C/V\.'C/V\,VERB,connaître,9
2940,421,4,a,a,519,Pre,Pre,/V\,ADP,à,3
2941,421,5,la,la,519,Det,Det,C/V\,DET,le,3
2942,421,6,parole,parole,519,N,N,C/V\.'C/V\.C/(e)\,NOUN,parole,8
2943,421,7,",",",",519,Pnc,Pnc,,PUNCT,",",9
2944,422,1,que,que,520,Crd,Crd,C/(e)\,PRON,que,8
2945,422,2,tu,tu,520,Prn,Prn$,C/V\,PRON,tu,8
2946,422,3,as,as,520,Vfin,Vfin,/V\,VERB,avoir,8
2947,422,4,esté,esté,520,Vpp,Vpp,/V\.'C/V\,VERB,être,3
2948,422,5,a,a,520,Pre,Pre,/V\,ADP,à,3
2949,422,6,s',s',520,Det,Det,C/\,DET,son,8
2950,422,7,escole,escole,520,N,N,/V\.'C/V\.C/(e)\,NOUN,école,8
2951,422,8,.,.,520,Pnc,Pnc,,PUNCT,.,9
2952,423,1,creez,creez,521,Vfin,Vfin,C/V\.'C/V\,VERB,croire,3
2953,423,2,moy,moy,521,Prn,Prn%%,C/V\,PRON,moi,3
2954,423,3,",",",",521,Pnc,Pnc,,PUNCT,",",9
2955,423,4,onques,onques,521,Adv,Adv,'/V\.C/e\,ADV,onques,9
2956,423,5,ne,ne,521,Neg,Neg$$,C/(e)\,ADV,ne,8
2957,423,6,le,le,521,Prn,Prn$$,C/(e)\,PRON,le,3
2958,423,7,vi,vi,521,Vfin,Vfin,C/V\,VERB,voir,3
2959,424,1,que,que,522,Sub,Sub,C/(e)\,SCONJ,que,3
2960,424,2,maintenant,maintenant,522,Adv,Adv,C/V\.C/e\.'C/V\,ADV,maintenant,8
2961,424,3,ore,ore,522,Adv,Adv,'/V\.C/(e)\,ADV,or,8
2962,424,4,ici,ici,522,Adv,Adv,/V\.'C/V\,ADV,ici,9
2963,424,5,.,.,522,Pnc,Pnc,,PUNCT,.,9
2964,425,1,ne,ne,523,Neg,Neg$$,C/(e)\,ADV,ne,8
2965,425,2,sai,sai,523,Vfin,Vfin,C/V\,VERB,savoir,8
2966,425,3,dont,dont,523,Qux,Qux,C/V\,PRON,dont,8
2967,425,4,est,est,523,Vfin,Vfin,/V\,VERB,être,3
2968,425,5,",",",",523,Pnc,Pnc,,PUNCT,",",9
2969,425,6,ne,ne,523,Crd,Crd,C/(e)\,CCONJ,ne,8
2970,425,7,dont,dont,523,Qux,Qux,C/V\,PRON,dont,8
2971,425,8,est,est,523,Vfin,Vfin,/V\,VERB,être,3
2972,425,9,nez,nez,523,Vpp,Vpp,C/V\,VERB,naître,8
2973,425,10,.,.,523,Pnc,Pnc,,PUNCT,.,9
2974,426,1,vous,vous,524,Prn,Prn$,C/V\,PRON,vous,8
2975,426,2,me,me,524,Prn,Prn$$,C/(e)\,PRON,je,3
2976,426,3,crerez,crerez,524,Vfin,Vfin,C/V\.'C/V\,VERB,croire,9
2977,426,4,",",",",524,Pnc,Pnc,,PUNCT,",",9
2978,426,5,se,se,524,Sub,Sub,C/(e)\,SCONJ,si,3
2979,426,6,vous,vous,524,Prn,Prn$,C/V\,PRON,vous,8
2980,426,7,volez,volez,524,Vfin,Vfin,C/V\.'C/V\,VERB,vouloir,3
2981,426,8,.,.,524,Pnc,Pnc,,PUNCT,.,9
2982,427,1,di,di,525,Vfin,Vfin,C/V\,VERB,dire,8
2983,427,2,va,va,525,Vfin,Vfin,C/V\,VERB,aller,9
2984,427,3,",",",",525,Pnc,Pnc,,PUNCT,",",9
2985,427,4,di,di,525,Vfin,Vfin,C/V\,VERB,dire,8
2986,427,5,moy,moy,525,Prn,Prn%%,C/V\,PRON,moi,3
2987,427,6,tost,tost,525,Adv,Adv,C/V\,ADV,tôt,3
2988,427,7,",",",",525,Pnc,Pnc,,PUNCT,",",9
2989,427,8,qui,qui,525,Qux,Qux,C/V\,PRON,qui,3
2990,427,9,es,es,525,Vfin,Vfin,/V\,VERB,être,3
2991,427,10,tu,tu,525,Prn,Prn%,C/V\,PRON,tu,8
2992,427,11,?,?,525,Pnc,Pnc,,PUNCT,?,9
2993,428,1,es,es,526,Vfin,Vfin,/V\,VERB,être,3
2994,428,2,tu,tu,526,Prn,Prn%,C/V\,PRON,tu,8
2995,428,3,des,des,526,Pre+Det,Pre+Det,C/V\,ADP.DET,de.le,3
2996,428,4,deciples,deciples,526,N,N,C/V\.'C/V\.C/e\,NOUN,disciple,9
2997,428,5,jhesu,jhesu,526,N,N,C/V\.'C/V\,PROPN,Jésus,3
2998,428,6,?,?,526,Pnc,Pnc,,PUNCT,?,9
2999,429,1,je,je,527,Prn,Prn$,C/(e)\,PRON,je,9
3000,429,2,te,te,527,Prn,Prn$$,C/(e)\,PRON,te,3
3001,429,3,vi,vi,527,Vfin,Vfin,C/V\,VERB,voir,3
3002,429,4,:,:,527,Pnc,Pnc,,PUNCT,:,9
3003,429,5,tu,tu,527,Prn,Prn$,C/V\,PRON,tu,8
3004,429,6,en,en,527,Prn,Prn$$,/V\,PRON,en,3
3005,429,7,es,es,527,Vfin,Vfin,/V\,VERB,être,3
3006,429,8,sans,sans,527,Pre,Pre,C/V\,ADP,sans,8
3007,429,9,falle,falle,527,N,N,'C/V\.C/(e)\,NOUN,faillir,2
3008,429,10,!,!,527,Pnc,Pnc,,PUNCT,!,3
3009,430,1,bien,bien,528,Adv,Adv,C/V\,ADV,bien,8
3010,430,2,te,te,528,Prn,Prn$$,C/(e)\,PRON,te,3
3011,430,3,conois,conois,528,Vfin,Vfin,C/V\.'C/V\,VERB,connaître,9
3012,430,4,pour,pour,528,Pre,Pre,C/V\,ADP,pour,9
3013,430,5,la,la,528,Det,Det,C/V\,DET,le,3
3014,430,6,bataille,bataille,528,N,N,C/V\.'C/V\.C/(e)\,NOUN,bataille,8
3015,430,7,",",",",528,Pnc,Pnc,,PUNCT,",",9
3016,431,1,quar,quar,529,Crd,Crd,C/V\,CCONJ,car,8
3017,431,2,tu,tu,529,Prn,Prn$,C/V\,PRON,tu,8
3018,431,3,me,me,529,Prn,Prn$$,C/(e)\,PRON,je,3
3019,431,4,feris,feris,529,Vfin,Vfin,C/V\.'C/V\,VERB,férir,8
3020,431,5,de,de,529,Pre,Pre,C/(e)\,ADP,de,8
3021,431,6,t',t',529,Det,Det,C/\,DET,ton,8
3022,431,7,espee,espee,529,N,N,/V\.'C/V\./(e)\,NOUN,épée,3
3023,431,8,.,.,529,Pnc,Pnc,,PUNCT,.,9
3024,432,1,la,la,530,Det,Det,C/V\,DET,le,3
3025,432,2,destre,destre,530,Adj,Adj,'C/V\.C/(e)\,ADJ,dextre,8
3026,432,3,oreille,oreille,530,N,N,/V\.'C/V\.C/(e)\,NOUN,oreille,3
3027,432,4,j',j',530,Prn,Prn$,C/\,PRON,je,9
3028,432,5,oi,oi,530,Vfin,Vfin,/V\,VERB,avoir,3
3029,432,6,couppee,couppee,530,Vpp,Vpp,C/V\.'C/V\./(e)\,VERB,couper,9
3030,433,1,mais,mais,531,Crd,Crd,C/V\,CCONJ,mais,8
3031,433,2,ton,ton,531,Det,Det,C/V\,DET,ton,8
3032,433,3,maitre,maitre,531,N,N,'C/V\.C/(e)\,VERB,maître,2
3033,433,4,la,la,531,Prn,Prn$$,C/V\,PRON,il,3
3034,433,5,me,me,531,Prn,Prn$$,C/(e)\,PRON,je,3
3035,433,6,sena,sena,531,Vfin,Vfin,C/V\.'C/V\,VERB,saner,8
3036,434,1,pour,pour,532,Pre,Pre,C/V\,ADP,pour,9
3037,434,2,ce,ce,532,Prn,Prn,C/(e)\,PRON,ce,3
3038,434,3,que,que,532,Sub,Sub,C/(e)\,SCONJ,que,3
3039,434,4,eschaper,eschaper,532,Vinf,Vinf,/V\.C/V\.'C/V\,VERB,échapper,9
3040,434,5,cuida,cuida,532,Vfin,Vfin,C/V\.'C/V\,VERB,cuider,9
3041,434,6,.,.,532,Pnc,Pnc,,PUNCT,.,9
3042,435,1,creez,creez,533,Vfin,Vfin,C/V\.'C/V\,VERB,croire,3
3043,435,2,moi,moi,533,Prn,Prn%%,C/V\,PRON,je,3
3044,435,3,",",",",533,Pnc,Pnc,,PUNCT,",",9
3045,435,4,quar,quar,533,Crd,Crd,C/V\,CCONJ,car,8
3046,435,5,onques,onques,533,Adv,Adv,'/V\.C/e\,ADV,onques,9
3047,435,6,ne,ne,533,Neg,Neg$$,C/(e)\,ADV,ne,8
3048,435,7,le,le,533,Prn,Prn$$,C/(e)\,PRON,le,3
3049,435,8,vi,vi,533,Vfin,Vfin,C/V\,VERB,voir,3
3050,435,9,",",",",533,Pnc,Pnc,,PUNCT,",",9
3051,436,1,ne,ne,534,Crd,Crd,C/(e)\,CCONJ,ne,8
3052,436,2,avec,avec,534,PrA,PrA,/V\.'C/V\,ADP,avec,8
3053,436,3,lui,lui,534,Prn,Prn,C/V\,PRON,lui,3
3054,436,4,ne,ne,534,Crd,Crd,C/(e)\,ADV,ne,8
3055,436,5,mengié,mengié,534,Vfin,Vfin,C/V\.'C/V\,VERB,manger,9
3056,436,6,ne,ne,534,Crd,Crd,C/(e)\,CCONJ,ne,8
3057,436,7,ne,ne,534,Neg,Neg$$,C/(e)\,ADV,ne,8
3058,436,8,bui,bui,534,Vfin,Vfin,C/V\,VERB,boire,9
3059,436,9,.,.,534,Pnc,Pnc,,PUNCT,.,9
3060,437,1,je,je,535,Prn,Prn$,C/(e)\,PRON,je,9
3061,437,2,m',m',535,Prn,Prn$$,C/\,PRON,je,3
3062,437,3,en,en,535,Prn,Prn$$,/V\,PRON,en,3
3063,437,4,irai,irai,535,Vfin,Vfin,/V\.'C/V\,VERB,aller,9
3064,437,5,",",",",535,Pnc,Pnc,,PUNCT,",",9
3065,437,6,que,que,535,Crd,Crd,C/(e)\,CCONJ,que,8
3066,437,7,je,je,535,Prn,Prn$,C/(e)\,PRON,je,9
3067,437,8,voy,voy,535,Vfin,Vfin,C/V\,VERB,voir,3
3068,437,9,bien,bien,535,Adv,Adv,C/V\,ADV,bien,8
3069,438,1,qu',qu',536,Sub,Sub,C/\,SCONJ,que,8
3070,438,2,en,en,536,Pre,Pre,/V\,ADP,en,3
3071,438,3,demorer,demorer,536,Vinf,Vinf,C/V\.C/V\.'C/V\,VERB,demeurer,9
3072,438,4,ne,ne,536,Neg,Neg$$,C/(e)\,ADV,ne,8
3073,438,5,gaaignons,gaaignons,536,Vfin,Vfin,C/(V)\./V\.'C/V\,VERB,gagner,9
3074,438,6,rien,rien,536,N,N,C/V\,PRON,rien,8
3075,438,7,.,.,536,Pnc,Pnc,,PUNCT,.,9
3076,439,1,biax,biax,537,Adj,Adj,C/V\,ADJ,beau,9
3077,439,2,tres,tres,537,Adv,Adv,C/V\,ADV,très,8
3078,439,3,douz,douz,537,Adj,Adj,C/V\,ADJ,doux,8
3079,439,4,pere,pere,537,N,N,'C/V\.C/(e)\,NOUN,père,3
3080,439,5,jhesucrist,jhesucrist,537,N,N,C/V\.C/V\.'C/V\,VERB,jésuccrire,-10
3081,439,6,",",",",537,Pnc,Pnc,,PUNCT,",",9
3082,440,1,onques,onques,538,Adv,Adv,'/V\.C/e\,ADV,onques,9
3083,440,2,menconge,menconge,538,N,N,C/V\.'C/V\.C/(e)\,NOUN,mensonge,6
3084,440,3,ne,ne,538,Neg,Neg$$,C/(e)\,ADV,ne,8
3085,440,4,deïs,deïs,538,Vfin,Vfin,C/(V)\.'/V\,VERB,dire,9
3086,440,5,.,.,538,Pnc,Pnc,,PUNCT,.,9
3087,441,1,or,or,539,Adv,Adv,/V\,ADV,or,8
3088,441,2,t',t',539,Prn,Prn$$,C/\,PRON,te,3
3089,441,3,ai,ai,539,Vfin,Vfin,/V\,VERB,avoir,8
3090,441,4,je,je,539,Prn,Prn$,C/(e)\,PRON,je,9
3091,441,5,renoié,renoié,539,Vpp,Vpp,C/V\.C/V\.'C/V\,VERB,renier,8
3092,441,6,trois,trois,539,QIs,QIs,C/V\,NUM,trois,8
3093,441,7,fois,fois,539,N,N,C/V\,NOUN,fois,3
3094,441,8,",",",",539,Pnc,Pnc,,PUNCT,",",9
3095,442,1,encor,encor,540,Adv,Adv,/V\.'C/V\,ADV,encore,9
3096,442,2,n',n',540,Neg,Neg$$,C/\,ADV,ne,8
3097,442,3,a,a,540,Vfin,Vfin,/V\,VERB,avoir,3
3098,442,4,mie,mie,540,Neg,Neg,'C/V\./(e)\,ADV,mie,8
3099,442,5,chanté,chanté,540,Vpp,Vpp,C/V\.'C/V\,VERB,chanter,9
3100,442,6,le,le,540,Det,Det,C/(e)\,DET,le,8
3101,442,7,quoc,quoc,540,N,N,C/V\,NOUN,coq,9
3102,442,8,.,.,540,Pnc,Pnc,,PUNCT,.,9
3103,443,1,merci,merci,541,N,N,C/V\.'C/V\,NOUN,merci,8
3104,443,2,crierai,crierai,541,Vfin,Vfin,C/V\.C/e\.'C/V\,VERB,crier,9
3105,443,3,de,de,541,Pre,Pre,C/(e)\,ADP,de,8
3106,443,4,pechié,pechié,541,N,N,C/V\.'C/V\,NOUN,péché,8
3107,444,1,de,de,542,Pre,Pre,C/(e)\,ADP,de,8
3108,444,2,coy,coy,542,Qux,Qux,C/V\,PRON,quoi,2
3109,444,3,je,je,542,Prn,Prn$,C/(e)\,PRON,je,9
3110,444,4,me,me,542,Prn,Prn$$,C/(e)\,PRON,je,3
3111,444,5,sent,sent,542,Vfin,Vfin,C/V\,VERB,sentir,8
3112,444,6,entechié,entechié,542,Vpp,Vpp,/V\.C/V\.'C/V\,VERB,entacher,9
3113,444,7,!,!,542,Pnc,Pnc,,PUNCT,!,3
3114,445,1,ne,ne,543,Neg,Neg$$,C/(e)\,ADV,ne,8
3115,445,2,ferai,ferai,543,Vfin,Vfin,C/V\.'C/V\,VERB,faire,3
3116,445,3,com,com,543,Sub,Sub,C/V\,ADV,comme,3
3117,445,4,judas,judas,543,N,N,C/V\.'C/V\,NOUN,judas,5
3118,445,5,fit,fit,543,Vfin,Vfin,C/V\,VERB,faire,3
3119,445,6,:,:,543,Pnc,Pnc,,PUNCT,:,9
3120,446,1,par,par,544,Pre,Pre,C/V\,ADP,par,8
3121,446,2,desesperance,desesperance,544,N,N,C/V\.C/V\.C/e\.'C/V\.C/(e)\,NOUN,désespérance,9
3122,446,3,se,se,544,Prn,Prn$$,C/(e)\,PRON,se,3
3123,446,4,pendi,pendi,544,Vfin,Vfin,C/V\.'C/V\,VERB,pendre,9
3124,446,5,.,.,544,Pnc,Pnc,,PUNCT,.,9
3125,447,1,cayn,cayn,545,N,N,C/V\.'C/V\,NOUN,Caïn,2
3126,447,2,",",",",545,Pnc,Pnc,,PUNCT,",",9
3127,447,3,sés,sés,545,Vfin,Vfin,C/V\,VERB,savoir,8
3128,447,4,tu,tu,545,Prn,Prn%,C/V\,PRON,tu,8
3129,447,5,que,que,545,Qux,Qux,C/(e)\,PRON,que,8
3130,447,6,feras,feras,545,Vfin,Vfin,C/V\.'C/V\,VERB,faire,3
3131,447,7,?,?,545,Pnc,Pnc,,PUNCT,?,9
3132,448,1,a,a,546,Pre,Pre,/V\,ADP,à,3
3133,448,2,l',l',546,Det,Det,C/\,DET,le,8
3134,448,3,un,un,546,QIs,QIs,/V\,PRON,un,8
3135,448,4,des,des,546,Pre+Det,Pre+Det,C/V\,ADP.DET,de.le,3
3136,448,5,badés,badés,546,N,N,C/V\.'C/V\,NOUN,bades,0
3137,448,6,t',t',546,Prn,Prn$$,C/\,PRON,te,3
3138,448,7,en,en,546,Prn,Prn$$,/V\,PRON,en,3
3139,448,8,iras,iras,546,Vfin,Vfin,/V\.'C/V\,VERB,aller,9
3140,448,9,",",",",546,Pnc,Pnc,,PUNCT,",",9
3141,449,1,au,au,547,Pre+Det,Pre+Det,/V\,ADP.DET,à.le,3
3142,449,2,proonel,proonel,547,N,N,C/V\.C/V\.'C/V\,NOUN,pronoel,-10
3143,449,3,ou,ou,547,Crd,Crd,/V\,CCONJ,ou,8
3144,449,4,a,a,547,Pre,Pre,/V\,ADP,à,3
3145,449,5,l',l',547,Det,Det,C/\,DET,le,8
3146,449,6,autel,autel,547,N,N,/V\.'C/V\,NOUN,autel,8
3147,449,7,",",",",547,Pnc,Pnc,,PUNCT,",",9
3148,450,1,et,et,548,Crd,Crd,/V\,CCONJ,et,8
3149,450,2,li,li,548,Prn,Prn$$,C/V\,PRON,li,11
3150,450,3,di,di,548,Vfin,Vfin,C/V\,VERB,dire,8
3151,450,4,sus,sus,548,PrA,PrA,C/V\,ADP,sus,3
3152,450,5,toute,toute,548,QIs,QIs,'C/V\.C/(e)\,DET,tout,8
3153,450,6,riens,riens,548,N,N,C/V\,NOUN,rien,8
3154,450,7,autre,autre,548,Adj,Adj,'/V\.C/(e)\,PRON,autre,8
3155,451,1,viegne,viegne,549,Vfin,Vfin,'C/V\.C/(e)\,VERB,venir,9
3156,451,2,tantost,tantost,549,Adv,Adv,C/V\.'C/V\,ADV,tantôt,9
3157,451,3,parler,parler,549,Vinf,Vinf,C/V\.'C/V\,VERB,parler,9
3158,451,4,a,a,549,Pre,Pre,/V\,ADP,à,3
3159,451,5,moy,moy,549,Prn,Prn,C/V\,PRON,moi,3
3160,452,1,ou,ou,550,Crd,Crd,/V\,CCONJ,ou,8
3161,452,2,forment,forment,550,Adv,Adv,C/V\.'C/V\,ADV,fortement,8
3162,452,3,me,me,550,Prn,Prn$$,C/(e)\,PRON,je,3
3163,452,4,courreceroit,courreceroit,550,Vfin,Vfin,C/V\.C/e\.C/e\.'C/V\,VERB,courroucer,9
3164,453,1,je,je,551,Prn,Prn$,C/(e)\,PRON,je,9
3165,453,2,voudroie,voudroie,551,Vfin,Vfin,C/V\.'C/V\./(e)\,VERB,vouloir,9
3166,453,3,ja,ja,551,Adv,Adv,C/V\,ADV,jà,3
3167,453,4,qu',qu',551,Sub,Sub,C/\,SCONJ,que,8
3168,453,5,il,il,551,Prn,Prn$,/V\,PRON,il,9
3169,453,6,fut,fut,551,Vfin,Vfin,C/V\,VERB,être,3
3170,453,7,ci,ci,551,Adv,Adv,C/V\,ADV,ci,8
3171,453,8,.,.,551,Pnc,Pnc,,PUNCT,.,9
3172,454,1,biau,biau,552,Adj,Adj,C/V\,ADJ,beau,9
3173,454,2,sire,sire,552,N,N,'C/V\.C/(e)\,NOUN,sire,11
3174,454,3,",",",",552,Pnc,Pnc,,PUNCT,",",9
3175,454,4,et,et,552,Crd,Crd,/V\,CCONJ,et,8
3176,454,5,il,il,552,Prn,Prn$,/V\,PRON,il,9
3177,454,6,me,me,552,Prn,Prn$$,C/(e)\,PRON,je,3
3178,454,7,plait,plait,552,Vfin,Vfin,C/V\,VERB,player,0
3179,454,8,ainssi,ainssi,552,Adv,Adv,/V\.'C/V\,ADV,ainsi,9
3180,454,9,;,;,552,Pnc,Pnc,,PUNCT,;,9
3181,455,1,et,et,553,Crd,Crd,/V\,CCONJ,et,8
3182,455,2,je,je,553,Prn,Prn$,C/(e)\,PRON,je,9
3183,455,3,irai,irai,553,Vfin,Vfin,/V\.'C/V\,VERB,aller,9
3184,455,4,tout,tout,553,QIs,QIs,C/V\,ADV,tout,8
3185,455,5,maintenant,maintenant,553,Adv,Adv,C/V\.C/e\.'C/V\,ADV,maintenant,8
3186,456,1,pour,pour,554,Pre,Pre,C/V\,ADP,pour,9
3187,456,2,faire,faire,554,Vinf,Vinf,'C/V\.C/(e)\,VERB,faire,9
3188,456,3,le,le,554,Det,Det,C/(e)\,DET,le,8
3189,456,4,commandement,commandement,554,N,N,C/V\.C/V\.C/e\.'C/V\,NOUN,commandement,9
3190,456,5,.,.,554,Pnc,Pnc,,PUNCT,.,9
3191,457,1,huitacelin,huitacelin,555,N,N,C/V\.C/V\.C/e\.'C/V\,NOUN,hutacelin,-10
3192,457,2,vous,vous,555,Prn,Prn$$,C/V\,PRON,vous,8
3193,457,3,en,en,555,Prn,Prn$$,/V\,PRON,en,3
3194,457,4,merrai,merrai,555,Vfin,Vfin,C/V\.'C/V\,VERB,mener,9
3195,457,5,.,.,555,Pnc,Pnc,,PUNCT,.,9
3196,458,1,bien,bien,556,Adv,Adv,C/V\,ADV,bien,8
3197,458,2,sai,sai,556,Vfin,Vfin,C/V\,VERB,savoir,8
3198,458,3,",",",",556,Pnc,Pnc,,PUNCT,",",9
3199,458,4,volentiers,volentiers,556,Adv,Adv,C/V\.C/V\.'C/V\,ADV,volontiers,9
3200,458,5,i,i,556,Prn,Prn$$,/V\,PRON,y,3
3201,458,6,venrrai,venrrai,556,Vfin,Vfin,C/V\.'C/V\,VERB,venir,9
3202,458,7,.,.,556,Pnc,Pnc,,PUNCT,.,9
3203,459,1,cil,cil,557,Dem,Dem,C/V\,DET,cil,8
3204,459,2,diex,diex,557,N,N,C/V\,NOUN,dieu,8
3205,459,3,qui,qui,557,Qux,Qux,C/V\,PRON,qui,3
3206,459,4,maint,maint,557,Vfin,Vfin,C/V\,VERB,mener,3
3207,459,5,et,et,557,Crd,Crd,/V\,CCONJ,et,8
3208,459,6,bas,bas,557,Adj,Adj,C/V\,ADJ,bas,8
3209,459,7,et,et,557,Crd,Crd,/V\,CCONJ,et,8
3210,459,8,haut,haut,557,Adj,Adj,C/V\,ADJ,haut,8
3211,459,9,",",",",557,Pnc,Pnc,,PUNCT,",",9
3212,460,1,huitacelin,huitacelin,558,N,N,C/V\.C/V\.C/e\.'C/V\,NOUN,hutacelin,-10
3213,460,2,",",",",558,Pnc,Pnc,,PUNCT,",",9
3214,460,3,vous,vous,558,Prn,Prn$$,C/V\,PRON,vous,8
3215,460,4,gart,gart,558,Vfin,Vfin,C/V\,VERB,garder,8
3216,460,5,de,de,558,Pre,Pre,C/(e)\,ADP,de,8
3217,460,6,mal,mal,558,N,N,C/V\,NOUN,mal,8
3218,460,7,!,!,558,Pnc,Pnc,,PUNCT,!,3
3219,461,1,li,li,559,Det,Det,C/V\,DET,le,3
3220,461,2,prevoz,prevoz,559,N,N,C/V\.'C/V\,ADJ,prévôt,4
3221,461,3,pilate,pilate,559,N,N,C/V\.'C/V\.C/(e)\,NOUN,Pilate,2
3222,461,4,vous,vous,559,Prn,Prn$$,C/V\,PRON,vous,8
3223,461,5,prie,prie,559,Vfin,Vfin,'C/V\./(e)\,VERB,prier,9
3224,461,6,",",",",559,Pnc,Pnc,,PUNCT,",",9
3225,462,1,et,et,560,Crd,Crd,/V\,CCONJ,et,8
3226,462,2,pour,pour,560,Pre,Pre,C/V\,ADP,pour,9
3227,462,3,rien,rien,560,N,N,C/V\,PRON,rien,8
3228,462,4,ne,ne,560,Neg,Neg$$,C/(e)\,ADV,ne,8
3229,462,5,le,le,560,Prn,Prn$$,C/(e)\,PRON,le,3
3230,462,6,laisse,laisse,560,Vfin,Vfin,'C/V\.C/(e)\,VERB,laisser,3
3231,462,7,mie,mie,560,Neg,Neg,'C/V\./(e)\,ADV,mie,8
3232,463,1,que,que,561,Sub,Sub,C/(e)\,SCONJ,que,3
3233,463,2,ne,ne,561,Neg,Neg$$,C/(e)\,ADV,ne,8
3234,463,3,viegnes,viegnes,561,Vfin,Vfin,'C/V\.C/e\,VERB,venir,9
3235,463,4,parler,parler,561,Vinf,Vinf,C/V\.'C/V\,VERB,parler,9
3236,463,5,a,a,561,Pre,Pre,/V\,ADP,à,3
3237,463,6,lui,lui,561,Prn,Prn,C/V\,PRON,lui,3
3238,463,7,.,.,561,Pnc,Pnc,,PUNCT,.,9
3239,464,1,amis,amis,562,N,N,/V\.'C/V\,NOUN,ami,3
3240,464,2,",",",",562,Pnc,Pnc,,PUNCT,",",9
3241,464,3,bien,bien,562,Adv,Adv,C/V\,ADV,bien,8
3242,464,4,soies,soies,562,Vfin,Vfin,'C/V\./e\,VERB,être,8
3243,464,5,tu,tu,562,Prn,Prn%,C/V\,PRON,tu,8
3244,464,6,venuz,venuz,562,Vpp,Vpp,C/V\.'C/V\,VERB,venir,9
3245,464,7,!,!,562,Pnc,Pnc,,PUNCT,!,3
3246,465,1,mout,mout,563,QIs,QIs,C/V\,ADV,moult,8
3247,465,2,tres,tres,563,Adv,Adv,C/V\,ADV,très,8
3248,465,3,volentiers,volentiers,563,Adv,Adv,C/V\.C/V\.'C/V\,ADV,volontiers,9
3249,465,4,je,je,563,Prn,Prn$,C/(e)\,PRON,je,9
3250,465,5,irai,irai,563,Vfin,Vfin,/V\.'C/V\,VERB,aller,9
3251,466,1,et,et,564,Crd,Crd,/V\,CCONJ,et,8
3252,466,2,son,son,564,Det,Det,C/V\,DET,son,8
3253,466,3,commandement,commandement,564,N,N,C/V\.C/V\.C/e\.'C/V\,NOUN,commandement,9
3254,466,4,ferai,ferai,564,Vfin,Vfin,C/V\.'C/V\,VERB,faire,3
3255,466,5,.,.,564,Pnc,Pnc,,PUNCT,.,9
3256,467,1,biax,biax,565,Adj,Adj,C/V\,ADJ,beau,9
3257,467,2,sire,sire,565,N,N,'C/V\.C/(e)\,NOUN,sire,11
3258,467,3,",",",",565,Pnc,Pnc,,PUNCT,",",9
3259,467,4,or,or,565,Adv,Adv,/V\,ADV,or,8
3260,467,5,en,en,565,Prn,Prn$$,/V\,PRON,en,3
3261,467,6,alons,alons,565,Vfin,Vfin,/V\.'C/V\,VERB,aller,9
3262,467,7,errant,errant,565,Vprs,Vprs,/V\.'C/V\,VERB,errer,8
3263,467,8,.,.,565,Pnc,Pnc,,PUNCT,.,9
3264,468,1,mesire,mesire,566,N,N,C/V\.'C/V\.C/(e)\,NOUN,messire,9
3265,468,2,a,a,566,Vfin,Vfin,/V\,VERB,avoir,3
3266,468,3,de,de,566,Pre,Pre,C/(e)\,ADP,de,8
3267,468,4,vous,vous,566,Prn,Prn,C/V\,PRON,vous,8
3268,468,5,besoing,besoing,566,N,N,C/V\.'C/V\,NOUN,besoin,9
3269,468,6,grant,grant,566,Adj,Adj,C/V\,ADJ,grand,8
3270,468,7,.,.,566,Pnc,Pnc,,PUNCT,.,9
3271,469,1,sire,sire,567,N,N,'C/V\.C/(e)\,NOUN,sire,11
3272,469,2,",",",",567,Pnc,Pnc,,PUNCT,",",9
3273,469,3,veez,veez,567,Vfin,Vfin,C/(V)\.'/V\,VERB,voir,3
3274,469,4,ci,ci,567,Adv,Adv,C/V\,ADV,ci,8
3275,469,5,huitacelin,huitacelin,567,N,N,C/V\.C/V\.C/e\.'C/V\,NOUN,hutacelin,-10
3276,469,6,",",",",567,Pnc,Pnc,,PUNCT,",",9
3277,470,1,que,que,568,Qux,Qux,C/(e)\,SCONJ,que,3
3278,470,2,tost,tost,568,Adv,Adv,C/V\,ADV,tôt,3
3279,470,3,est,est,568,Vfin,Vfin,/V\,VERB,être,3
3280,470,4,venuz,venuz,568,Vpp,Vpp,C/V\.'C/V\,VERB,venir,9
3281,470,5,avec,avec,568,PrA,PrA,/V\.'C/V\,ADP,avec,8
3282,470,6,mi,mi,568,Prn,Prn,C/V\,PRON,moi,8
3283,471,1,pour,pour,569,Pre,Pre,C/V\,ADP,pour,9
3284,471,2,vous,vous,569,Prn,Prn$,C/V\,PRON,vous,8
3285,471,3,servir,servir,569,Vinf,Vinf,C/V\.'C/V\,VERB,servir,9
3286,471,4,en,en,569,Pre,Pre,/V\,ADP,en,3
3287,471,5,vostre,vostre,569,Det,Det,'C/V\.C/(e)\,DET,votre,8
3288,471,6,druz,druz,569,N,N,C/V\,NOUN,dru,4
3289,471,7,.,.,569,Pnc,Pnc,,PUNCT,.,9
3290,472,1,par,par,570,Pre,Pre,C/V\,ADP,par,8
3291,472,2,cent,cent,570,QIs,QIs,C/V\,NUM,cent,8
3292,472,3,foiz,foiz,570,N,N,C/V\,NOUN,fois,3
3293,472,4,soit,soit,570,Vfin,Vfin,C/V\,VERB,être,3
3294,472,5,il,il,570,Prn,Prn%,/V\,PRON,il,9
3295,472,6,bien,bien,570,Adv,Adv,C/V\,ADV,bien,8
3296,472,7,venuz,venuz,570,Vpp,Vpp,C/V\.'C/V\,VERB,venir,9
3297,472,8,!,!,570,Pnc,Pnc,,PUNCT,!,3
3298,473,1,huitacelin,huitacelin,571,N,N,C/V\.C/V\.C/e\.'C/V\,NOUN,hutacelin,-10
3299,473,2,",",",",571,Pnc,Pnc,,PUNCT,",",9
3300,473,3,je,je,571,Prn,Prn$,C/(e)\,PRON,je,9
3301,473,4,t',t',571,Prn,Prn$$,C/\,PRON,te,3
3302,473,5,ai,ai,571,Vfin,Vfin,/V\,VERB,avoir,8
3303,473,6,mandé,mandé,571,Vpp,Vpp,C/V\.'C/V\,VERB,mander,8
3304,473,7,",",",",571,Pnc,Pnc,,PUNCT,",",9
3305,474,1,quant,quant,572,Sub,Sub,C/V\,SCONJ,quand,3
3306,474,2,tu,tu,572,Prn,Prn$,C/V\,PRON,tu,8
3307,474,3,es,es,572,Vfin,Vfin,/V\,VERB,être,3
3308,474,4,venuz,venuz,572,Vpp,Vpp,C/V\.'C/V\,VERB,venir,9
3309,474,5,",",",",572,Pnc,Pnc,,PUNCT,",",9
3310,474,6,je,je,572,Prn,Prn$,C/(e)\,PRON,je,9
3311,474,7,t',t',572,Prn,Prn$$,C/\,PRON,te,3
3312,474,8,en,en,572,Prn,Prn$$,/V\,ADP,en,3
3313,474,9,sa,sa,572,Vfin,Vfin,C/V\,DET,son,8
3314,474,10,gré,gré,572,N,N,C/V\,NOUN,malgré,3
3315,474,11,.,.,572,Pnc,Pnc,,PUNCT,.,9
3316,475,1,si,si,573,Adv,Adv,C/V\,ADV,si,8
3317,475,2,te,te,573,Prn,Prn$$,C/(e)\,PRON,te,3
3318,475,3,dirai,dirai,573,Vfin,Vfin,C/V\.'C/V\,VERB,dire,9
3319,475,4,pour,pour,573,Pre,Pre,C/V\,ADP,pour,9
3320,475,5,quel,quel,573,Qux,Qux,C/V\,DET,quel,8
3321,475,6,besoing,besoing,573,N,N,C/V\.'C/V\,NOUN,besoin,9
3322,475,7,",",",",573,Pnc,Pnc,,PUNCT,",",9
3323,476,1,tu,tu,574,Prn,Prn$,C/V\,PRON,tu,8
3324,476,2,nel,nel,574,Neg+Prn,Neg$$+Prn$$,C/V\,ADV.PRON,ne.le,11
3325,476,3,tenrras,tenrras,574,Vfin,Vfin,C/V\.'C/V\,VERB,tenir,9
3326,476,4,pas,pas,574,Neg,Neg,C/V\,ADV,pas,8
3327,476,5,a,a,574,Pre,Pre,/V\,ADP,à,3
3328,476,6,desdeing,desdeing,574,N,N,C/V\.'C/V\,NOUN,dédain,8
3329,476,7,",",",",574,Pnc,Pnc,,PUNCT,",",9
3330,477,1,car,car,575,Crd,Crd,C/V\,CCONJ,car,8
3331,477,2,s',s',575,Adv,Adv,C/\,ADV,si,8
3332,477,3,ai,ai,575,Vfin,Vfin,/V\,VERB,avoir,8
3333,477,4,je,je,575,Prn,Prn$,C/(e)\,PRON,je,9
3334,477,5,fait,fait,575,Vpp,Vpp,C/V\,VERB,faire,3
3335,477,6,pour,pour,575,Pre,Pre,C/V\,ADP,pour,9
3336,477,7,tourmenter,tourmenter,575,Vinf,Vinf,C/V\.C/V\.'C/V\,VERB,tourmenter,9
3337,478,1,la,la,576,Det,Det,C/V\,DET,le,3
3338,478,2,prophete,prophete,576,N,N,C/V\.'C/V\.C/(e)\,NOUN,prophète,8
3339,478,3,et,et,576,Crd,Crd,/V\,CCONJ,et,8
3340,478,4,pour,pour,576,Pre,Pre,C/V\,ADP,pour,9
3341,478,5,lui,lui,576,Prn,Prn$,C/V\,PRON,lui,3
3342,478,6,tenter,tenter,576,Vinf,Vinf,C/V\.'C/V\,VERB,tenter,3
3343,478,7,.,.,576,Pnc,Pnc,,PUNCT,.,9
3344,479,1,je,je,577,Prn,Prn$,C/(e)\,PRON,je,9
3345,479,2,sai,sai,577,Vfin,Vfin,C/V\,VERB,savoir,8
3346,479,3,que,que,577,Sub,Sub,C/(e)\,SCONJ,que,3
3347,479,4,bien,bien,577,Adv,Adv,C/V\,ADV,bien,8
3348,479,5,le,le,577,Prn,Prn$$,C/(e)\,PRON,le,3
3349,479,6,sarez,sarez,577,Vfin,Vfin,C/V\.'C/V\,VERB,savoir,9
3350,479,7,faire,faire,577,Vinf,Vinf,'C/V\.C/(e)\,VERB,faire,9
3351,479,8,;,;,577,Pnc,Pnc,,PUNCT,;,9
3352,480,1,gran,gran,578,Adj,Adj,C/V\,ADJ,grand,8
3353,480,2,paine,paine,578,N,N,'C/V\.C/(e)\,NOUN,peine,8
3354,480,3,li,li,578,Prn,Prn$$,C/V\,PRON,li,11
3355,480,4,ferez,ferez,578,Vfin,Vfin,C/V\.'C/V\,VERB,faire,3
3356,480,5,a,a,578,Pre,Pre,/V\,ADP,à,3
3357,480,6,faire,faire,578,Vinf,Vinf,'C/V\.C/(e)\,VERB,faire,9
3358,480,7,.,.,578,Pnc,Pnc,,PUNCT,.,9
3359,481,1,et,et,579,Crd,Crd,/V\,CCONJ,et,8
3360,481,2,si,si,579,Adv,Adv,C/V\,ADV,si,8
3361,481,3,veil,veil,579,Vfin,Vfin,C/V\,VERB,vouloir,3
3362,481,4,que,que,579,Sub,Sub,C/(e)\,SCONJ,que,3
3363,481,5,vous,vous,579,Prn,Prn$,C/V\,PRON,vous,8
3364,481,6,le,le,579,Prn,Prn$$,C/(e)\,PRON,le,3
3365,481,7,prenez,prenez,579,Vfin,Vfin,C/V\.'C/V\,VERB,prendre,8
3366,481,8,.,.,579,Pnc,Pnc,,PUNCT,.,9
3367,482,1,a,a,580,Pre,Pre,/V\,ADP,à,3
3368,482,2,ce,ce,580,Dem,Dem,C/(e)\,DET,ce,8
3369,482,3,pilier,pilier,580,N,N,C/V\.'C/V\,NOUN,pilier,9
3370,482,4,le,le,580,Prn,Prn$$,C/(e)\,PRON,le,3
3371,482,5,lïerés,lïerés,580,Vfin,Vfin,C/{V}\./V\.'C/V\,VERB,lier,9
3372,482,6,;,;,580,Pnc,Pnc,,PUNCT,;,9
3373,483,1,et,et,581,Crd,Crd,/V\,CCONJ,et,8
3374,483,2,le,le,581,Prn,Prn$$,C/(e)\,PRON,le,3
3375,483,3,batés,batés,581,Vfin,Vfin,C/V\.'C/V\,VERB,battre,9
3376,483,4,d',d',581,Pre,Pre,C/\,ADP,de,9
3377,483,5,unes,unes,581,QIs,QIs,'/V\.C/e\,DET,uns,3
3378,483,6,courgiees,courgiees,581,N,N,C/V\.'C/V\./e\,NOUN,courgée,9
3379,484,1,si,si,582,Adv,Adv,C/V\,ADV,si,8
3380,484,2,que,que,582,Sub,Sub,C/(e)\,SCONJ,que,3
3381,484,3,bien,bien,582,Adv,Adv,C/V\,ADV,bien,8
3382,484,4,soient,soient,582,Vfin,Vfin,'C/V\./e\,VERB,être,3
3383,484,5,ensenglentees,ensenglentees,582,Adj,Adj,/V\.C/V\.C/V\.'C/V\./e\,VERB,ensanglanter,8
3384,484,6,.,.,582,Pnc,Pnc,,PUNCT,.,9
3385,485,1,et,et,583,Crd,Crd,/V\,CCONJ,et,8
3386,485,2,sachiez,sachiez,583,Vfin,Vfin,C/V\.'C/V\,VERB,savoir,3
3387,485,3,",",",",583,Pnc,Pnc,,PUNCT,",",9
3388,485,4,se,se,583,Sub,Sub,C/(e)\,SCONJ,si,3
3389,485,5,il,il,583,Prn,Prn$,/V\,PRON,il,9
3390,485,6,se,se,583,Prn,Prn$$,C/(e)\,PRON,se,3
3391,485,7,veut,veut,583,Vfin,Vfin,C/V\,VERB,vouloir,3
3392,485,8,deffendre,deffendre,583,Vinf,Vinf,C/V\.'C/V\.C/(e)\,VERB,défendre,9
3393,485,9,",",",",583,Pnc,Pnc,,PUNCT,",",9
3394,486,1,de,de,584,Pre,Pre,C/(e)\,ADP,de,8
3395,486,2,ce,ce,584,Prn,Prn,C/(e)\,PRON,ce,3
3396,486,3,c',c',584,Qux,Qux,C/\,PRON,que,3
3397,486,4,om,om,584,Prn,Prn$,/V\,PRON,on,8
3398,486,5,me,me,584,Prn,Prn$$,C/(e)\,PRON,je,3
3399,486,6,fait,fait,584,Vfin,Vfin,C/V\,VERB,faire,3
3400,486,7,a,a,584,Pre,Pre,/V\,ADP,à,3
3401,486,8,entendre,entendre,584,Vinf,Vinf,/V\.'C/V\.C/(e)\,VERB,entendre,9
3402,486,9,",",",",584,Pnc,Pnc,,PUNCT,",",9
3403,487,1,car,car,585,Crd,Crd,C/V\,CCONJ,car,8
3404,487,2,il,il,585,Prn,Prn$,/V\,PRON,il,9
3405,487,3,veut,veut,585,Vfin,Vfin,C/V\,VERB,vouloir,3
3406,487,4,vostre,vostre,585,Det,Det,'C/V\.C/(e)\,DET,votre,8
3407,487,5,loy,loy,585,N,N,C/V\,NOUN,loi,8
3408,487,6,abatre,abatre,585,Vinf,Vinf,/V\.'C/V\.C/(e)\,VERB,abattre,9
3409,487,7,.,.,585,Pnc,Pnc,,PUNCT,.,9
3410,488,1,la,la,586,Det,Det,C/V\,DET,le,3
3411,488,2,male,male,586,Adj,Adj,'C/V\.C/(e)\,ADJ,mal,3
3412,488,3,passion,passion,586,N,N,C/V\.C/V\.'C/V\,NOUN,passion,9
3413,488,4,l',l',586,Prn,Prn$$,C/\,PRON,il,3
3414,488,5,abate,abate,586,Vfin,Vfin,/V\.'C/V\.C/(e)\,VERB,abattre,9
3415,488,6,!,!,586,Pnc,Pnc,,PUNCT,!,3
3416,489,1,qu',qu',587,Crd,Crd,C/\,SCONJ,que,8
3417,489,2,il,il,587,Prn,Prn$,/V\,PRON,il,9
3418,489,3,la,la,587,Prn,Prn$$,C/V\,PRON,il,3
3419,489,4,deffera,deffera,587,Vfin,Vfin,C/V\.C/V\.'C/V\,VERB,défaire,9
3420,489,5,pour,pour,587,Pre,Pre,C/V\,ADP,pour,9
3421,489,6,noient,noient,587,Prn,Prn,C/V\.'C/V\,PRON,néant,8
3422,489,7,",",",",587,Pnc,Pnc,,PUNCT,",",9
3423,490,1,se,se,588,Sub,Sub,C/(e)\,SCONJ,si,3
3424,490,2,n',n',588,Neg,Neg,C/\,ADV,ne,8
3425,490,3,en,en,588,Prn,Prn$,/V\,PRON,en,3
3426,490,4,ne,ne,588,Neg,Neg$$,C/(e)\,ADV,ne,8
3427,490,5,treuve,treuve,588,Vfin,Vfin,'C/V\.C/(e)\,VERB,trouver,8
3428,490,6,raison,raison,588,N,N,C/V\.'C/V\,NOUN,raison,9
3429,490,7,grant,grant,588,Adj,Adj,C/V\,ADJ,grand,8
3430,491,1,par,par,589,Pre,Pre,C/V\,ADP,par,8
3431,491,2,quoy,quoy,589,Qux,Qux,C/V\,PRON,quoi,3
3432,491,3,on,on,589,Prn,Prn,/V\,PRON,on,3
3433,491,4,deffaire,deffaire,589,Vinf,Vinf,C/V\.'C/V\.C/(e)\,VERB,défaire,9
3434,491,5,le,le,589,Prn,Prn$$,C/(e)\,PRON,le,3
3435,491,6,doie,doie,589,Vfin,Vfin,'C/V\./(e)\,VERB,devoir,8
3436,491,7,.,.,589,Pnc,Pnc,,PUNCT,.,9
3437,492,1,sire,sire,590,N,N,'C/V\.C/(e)\,NOUN,sire,11
3438,492,2,",",",",590,Pnc,Pnc,,PUNCT,",",9
3439,492,3,li,li,590,Det,Det,C/V\,DET,le,3
3440,492,4,grant,grant,590,Adj,Adj,C/V\,ADJ,grand,8
3441,492,5,dieu,dieu,590,N,N,C/V\,NOUN,dieu,8
3442,492,6,m',m',590,Prn,Prn$$,C/\,PRON,je,3
3443,492,7,i,i,590,Prn,Prn$$,/V\,PRON,y,3
3444,492,8,envoie,envoie,590,Vfin,Vfin,/V\.'C/V\./(e)\,VERB,envoyer,8
3445,492,9,!,!,590,Pnc,Pnc,,PUNCT,!,3
3446,493,1,je,je,591,Prn,Prn$,C/(e)\,PRON,je,9
3447,493,2,ferai,ferai,591,Vfin,Vfin,C/V\.'C/V\,VERB,faire,3
3448,493,3,vo,vo,591,Det,Det,C/V\,DET,votre,8
3449,493,4,commandement,commandement,591,N,N,C/V\.C/V\.C/e\.'C/V\,NOUN,commandement,9
3450,493,5,",",",",591,Pnc,Pnc,,PUNCT,",",9
3451,494,1,et,et,592,Crd,Crd,/V\,CCONJ,et,8
3452,494,2,bien,bien,592,Adv,Adv,C/V\,ADV,bien,8
3453,494,3,sachiez,sachiez,592,Vfin,Vfin,C/V\.'C/V\,VERB,savoir,3
3454,494,4,vreaement,vreaement,592,Adv,Adv,C/V\.C/V\.C/e\.'C/V\,ADV,vraiment,0
3455,495,1,que,que,593,Sub,Sub,C/(e)\,SCONJ,que,3
3456,495,2,de,de,593,Pre,Pre,C/(e)\,ADP,de,8
3457,495,3,ce,ce,593,Prn,Prn,C/(e)\,PRON,ce,3
3458,495,4,que,que,593,Qux,Qux,C/(e)\,PRON,que,8
3459,495,5,dites,dites,593,Vfin,Vfin,'C/V\.C/e\,VERB,dire,8
3460,495,6,m',m',593,Prn,Prn$$,C/\,PRON,je,3
3461,495,7,est,est,593,Vfin,Vfin,/V\,VERB,être,3
3462,495,8,bel,bel,593,Adj,Adj,C/V\,ADJ,beau,3
3463,495,9,.,.,593,Pnc,Pnc,,PUNCT,.,9
3464,496,1,mout,mout,594,QIs,QIs,C/V\,ADV,moult,8
3465,496,2,par,par,594,Adv,Adv,C/V\,ADV,par,3
3466,496,3,avra,avra,594,Vfin,Vfin,/V\.'C/V\,VERB,avoir,9
3467,496,4,dure,dure,594,Adj,Adj,'C/V\.C/(e)\,ADJ,dur,8
3468,496,5,la,la,594,Det,Det,C/V\,DET,le,3
3469,496,6,pel,pel,594,N,N,C/V\,NOUN,pal,3
3470,496,7,",",",",594,Pnc,Pnc,,PUNCT,",",9
3471,497,1,se,se,595,Sub,Sub,C/(e)\,SCONJ,si,3
3472,497,2,en,en,595,Pre,Pre,/V\,ADP,en,3
3473,497,3,plusieurs,plusieurs,595,QIs,QIs,C/V\.'C/V\,DET,plusieurs,8
3474,497,4,leus,leus,595,N,N,C/V\,NOUN,lieu,3
3475,497,5,n',n',595,Neg,Neg$$,C/\,ADV,ne,8
3476,497,6,est,est,595,Vfin,Vfin,/V\,VERB,être,3
3477,497,7,partie,partie,595,Vpp,Vpp,C/V\.'C/V\./(e)\,VERB,partir,8
3478,497,8,",",",",595,Pnc,Pnc,,PUNCT,",",9
3479,498,1,tant,tant,596,QIs,QIs,C/V\,ADV,tant,8
3480,498,2,i,i,596,Prn,Prn$$,/V\,PRON,y,3
3481,498,3,fera,fera,596,Vfin,Vfin,C/V\.'C/V\,VERB,faire,3
3482,498,4,de,de,596,Pre,Pre,C/(e)\,ADP,de,8
3483,498,5,m',m',596,Det,Det,C/\,DET,mon,8
3484,498,6,escorgie,escorgie,596,N,N,/V\.C/V\.'C/V\./(e)\,NOUN,escourgie,-10
3485,498,7,.,.,596,Pnc,Pnc,,PUNCT,.,9
3486,499,1,sire,sire,597,N,N,'C/V\.C/(e)\,NOUN,sire,11
3487,499,2,truant,truant,597,Adj,Adj,C/V\.'C/V\,VERB,truand,2
3488,499,3,",",",",597,Pnc,Pnc,,PUNCT,",",9
3489,499,4,treez,treez,597,Vfin,Vfin,C/V\.'C/V\,VERB,traire,0
3490,499,5,vous,vous,597,Prn,Prn%%,C/V\,PRON,vous,8
3491,499,6,ca,ca,597,Adv,Adv,C/V\,ADV,çà,9
3492,499,7,!,!,597,Pnc,Pnc,,PUNCT,!,3
3493,500,1,cain,cain,598,N,N,C/V\.'C/V\,NOUN,cain,5
3494,500,2,",",",",598,Pnc,Pnc,,PUNCT,",",9
3495,500,3,prenez,prenez,598,Vfin,Vfin,C/V\.'C/V\,VERB,prendre,8
3496,500,4,le,le,598,Prn,Prn%%,C/(e)\,PRON,le,3
3497,500,5,par,par,598,Pre,Pre,C/V\,ADP,par,8
3498,500,6,de,de,598,Pre,Pre,C/(e)\,ADP,de,8
3499,500,7,la,la,598,Adv,Adv,C/V\,ADV,là,8
3500,500,8,",",",",598,Pnc,Pnc,,PUNCT,",",9
3501,501,1,si,si,599,Adv,Adv,C/V\,ADV,si,8
3502,501,2,en,en,599,Prn,Prn$$,/V\,PRON,en,3
3503,501,3,venrras,venrras,599,Vfin,Vfin,C/V\.'C/V\,VERB,venir,9
3504,501,4,avesques,avesques,599,PrA,PrA,/V\.'C/V\.C/e\,ADP,avec,8
3505,501,5,moy,moy,599,Prn,Prn,C/V\,PRON,moi,3
3506,501,6,.,.,599,Pnc,Pnc,,PUNCT,.,9
